h1x_velocity,h1y_velocity,h1z_velocity,h2x_velocity,h2y_velocity,h2z_velocity,center_x,center_y,center_z,center_x_velocity,center_y_velocity,center_z_velocity,h1x_position,h1y_position,h1z_position,h2x_position,h2y_position,h2z_position,hand1_to_center,hand2_to_center,hand_distance,time
0.000000,0.000004,-0.000011,-0.000000,0.000003,-0.000007,-0.026693,-0.345632,1.020388,-0.400691,0.085033,-0.023993,-0.053406,-0.339964,1.018789,0.000020,-0.351301,1.021987,0.000001,0.000001,0
0.000000,0.000000,0.000000,0.000000,0.000000,0.000000,-0.026693,-0.345632,1.020388,0.000000,0.000000,0.000000,-0.053406,-0.339964,1.018789,0.000020,-0.351301,1.021987,0.000000,0.000000,1
0.153859,-0.078652,0.017391,-0.083210,-0.024091,0.017499,-0.025516,-0.347345,1.020970,0.035325,-0.051371,0.017445,-0.048277,-0.342586,1.019369,-0.002754,-0.352104,1.022570,-0.167500,-0.167500,2
0.168973,-0.070942,0.031732,-0.078585,-0.019178,0.014327,-0.024009,-0.348847,1.021737,0.045194,-0.045059,0.023028,-0.042645,-0.344950,1.020427,-0.005374,-0.352743,1.023048,-0.181670,-0.181670,3
0.155876,-0.054173,0.025982,-0.046808,-0.011794,0.011730,-0.022191,-0.349946,1.022366,0.054534,-0.032984,0.018858,-0.037449,-0.346756,1.021293,-0.006934,-0.353137,1.023439,-0.165061,-0.165061,4
0.111761,-0.048347,0.021275,-0.054182,-0.013648,0.009602,-0.021232,-0.350980,1.022881,0.028789,-0.030997,0.015439,-0.033724,-0.348368,1.022002,-0.008740,-0.353592,1.023759,-0.120470,-0.120470,5
0.074056,-0.031948,0.017420,-0.061807,-0.003540,0.007861,-0.021028,-0.351571,1.023302,0.006124,-0.017744,0.012639,-0.031255,-0.349433,1.022583,-0.010800,-0.353709,1.024021,-0.080037,-0.080037,6
0.064887,-0.034246,0.014255,-0.046349,-0.010989,0.006441,-0.020719,-0.352325,1.023647,0.009269,-0.022617,0.010350,-0.029092,-0.350574,1.023058,-0.012345,-0.354076,1.024236,-0.071335,-0.071335,7
0.062704,-0.027266,0.011677,-0.028368,-0.008224,0.005268,-0.020146,-0.352916,1.023929,0.017168,-0.017745,0.008472,-0.027002,-0.351483,1.023447,-0.013291,-0.354350,1.024411,-0.067601,-0.067601,8
0.056357,-0.022236,0.009556,-0.018206,-0.006646,0.004313,-0.019510,-0.353398,1.024160,0.019076,-0.014441,0.006934,-0.025123,-0.352224,1.023766,-0.013898,-0.354571,1.024555,-0.060231,-0.060231,9
0.084866,-0.019860,0.007828,0.023819,-0.007094,0.003537,-0.017699,-0.353847,1.024350,0.054343,-0.013477,0.005683,-0.022294,-0.352886,1.024027,-0.013104,-0.354808,1.024673,-0.087467,-0.087467,10
0.073044,-0.016770,0.006409,0.023063,-0.006319,0.002890,-0.016097,-0.354232,1.024505,0.048053,-0.011545,0.004649,-0.019860,-0.353445,1.024240,-0.012335,-0.355019,1.024769,-0.075193,-0.075193,11
0.015130,-0.010570,0.005243,-0.025792,-0.002013,0.002367,-0.016275,-0.354442,1.024632,-0.005331,-0.006292,0.003805,-0.019355,-0.353797,1.024415,-0.013194,-0.355086,1.024848,-0.017292,-0.017292,12
0.001951,-0.007528,0.004295,-0.031553,-0.000522,0.001942,-0.016768,-0.354576,1.024736,-0.014801,-0.004025,0.003119,-0.019290,-0.354048,1.024558,-0.014246,-0.355103,1.024913,-0.003737,-0.003737,13
0.013016,-0.008287,0.003515,-0.014415,-0.002553,0.001588,-0.016792,-0.354756,1.024821,-0.000699,-0.005420,0.002550,-0.018857,-0.354325,1.024675,-0.014727,-0.355188,1.024966,-0.014644,-0.014644,14
0.009409,-0.007069,0.002882,-0.013049,-0.002372,0.001298,-0.016852,-0.354914,1.024890,-0.001820,-0.004721,0.002092,-0.018543,-0.354560,1.024771,-0.015162,-0.355267,1.025009,-0.010829,-0.010829,15
0.036689,-0.005000,0.002357,0.018302,-0.001156,0.001066,-0.015936,-0.355016,1.024947,0.027495,-0.003077,0.001713,-0.017320,-0.354727,1.024850,-0.014552,-0.355306,1.025045,-0.037010,-0.037010,16
0.035962,-0.004426,0.001928,0.020908,-0.001278,0.000869,-0.014988,-0.355111,1.024994,0.028435,-0.002852,0.001395,-0.016121,-0.354874,1.024914,-0.013855,-0.355348,1.025074,-0.036154,-0.036154,17
-0.007315,-0.001457,0.001581,-0.019640,0.001119,0.000715,-0.015437,-0.355117,1.025032,-0.013478,-0.000168,0.001152,-0.016365,-0.354923,1.024967,-0.014509,-0.355311,1.025097,0.006737,0.006737,18
-0.017636,0.003790,0.001295,-0.027727,0.005900,0.000583,-0.016193,-0.354956,1.025064,-0.022681,0.004844,0.000937,-0.016953,-0.354797,1.025010,-0.015434,-0.355114,1.025117,0.017907,0.017907,19
-0.013268,0.013121,-0.016440,-0.021530,0.014850,-0.017023,-0.016773,-0.354489,1.024506,-0.017399,0.013987,-0.016730,-0.017395,-0.354359,1.024462,-0.016151,-0.354619,1.024549,0.016765,0.016765,20
-0.003722,-0.005810,0.004038,-0.010486,-0.004396,0.003566,-0.017010,-0.354659,1.024632,-0.007104,-0.005103,0.003798,-0.017519,-0.354553,1.024597,-0.016501,-0.354766,1.024668,0.002172,0.002172,21
-0.000549,-0.005837,0.003308,-0.006088,-0.004680,0.002918,-0.017121,-0.354835,1.024736,-0.003319,-0.005259,0.003115,-0.017538,-0.354748,1.024707,-0.016704,-0.354922,1.024766,-0.000883,-0.000883,22
-0.001645,-0.005113,0.002707,-0.006179,-0.004165,0.002393,-0.017251,-0.354989,1.024821,-0.003912,-0.004638,0.002550,-0.017592,-0.354918,1.024797,-0.016910,-0.355061,1.024845,0.000376,0.000376,23
0.006996,-0.003203,0.002217,0.003284,-0.002427,0.001953,-0.017080,-0.355083,1.024891,0.005140,-0.002815,0.002085,-0.017359,-0.355025,1.024871,-0.016800,-0.355142,1.024910,-0.007638,-0.007638,24
-0.004115,0.005895,0.001817,-0.007154,0.006531,0.001602,-0.017268,-0.354876,1.024948,-0.005634,0.006213,0.001709,-0.017496,-0.354828,1.024932,-0.017039,-0.354924,1.024964,0.005097,0.005097,25
0.005288,-0.005178,0.001488,0.002800,-0.004659,0.001309,-0.017133,-0.355040,1.024994,0.004044,-0.004919,0.001398,-0.017320,-0.355001,1.024981,-0.016945,-0.355079,1.025007,-0.006324,-0.006324,26
0.004309,-0.005630,0.001212,0.002271,-0.005204,0.001073,-0.017023,-0.355221,1.025033,0.003290,-0.005416,0.001144,-0.017176,-0.355189,1.025022,-0.016870,-0.355253,1.025043,-0.005441,-0.005441,27
-0.011664,0.001192,0.000998,-0.013332,0.001541,0.000880,-0.017440,-0.355175,1.025064,-0.012498,0.001366,0.000937,-0.017565,-0.355149,1.025055,-0.017314,-0.355201,1.025073,0.011565,0.011565,28
-0.014580,-0.000349,0.000819,-0.015946,-0.000063,0.000722,-0.017948,-0.355182,1.025090,-0.015263,-0.000206,0.000772,-0.018051,-0.355160,1.025082,-0.017846,-0.355203,1.025097,0.014110,0.014110,29
-0.006211,-0.001956,0.000665,-0.007329,-0.001724,0.000590,-0.018174,-0.355243,1.025110,-0.006770,-0.001840,0.000626,-0.018258,-0.355226,1.025104,-0.018090,-0.355261,1.025116,0.005619,0.005619,30
0.005175,-0.004514,0.000547,0.004260,-0.004322,0.000479,-0.018017,-0.355391,1.025127,0.004718,-0.004418,0.000511,-0.018086,-0.355376,1.025123,-0.017948,-0.355405,1.025132,-0.006014,-0.006014,31
0.018339,0.001975,0.000443,0.017589,0.002131,0.000390,-0.017418,-0.355322,1.025141,0.017964,0.002054,0.000418,-0.017474,-0.355310,1.025137,-0.017362,-0.355334,1.025145,-0.017536,-0.017536,32
0.000286,0.001015,-0.017130,-0.000327,0.001144,-0.017173,-0.017419,-0.355286,1.024570,-0.000020,0.001079,-0.017152,-0.017465,-0.355276,1.024566,-0.017373,-0.355296,1.024573,0.001093,0.001093,33
-0.007291,0.008664,-0.014026,-0.007794,0.008769,-0.014062,-0.017670,-0.354996,1.024101,-0.007542,0.008716,-0.014044,-0.017708,-0.354988,1.024099,-0.017632,-0.355003,1.024104,0.009838,0.009838,34
0.008895,0.012388,-0.028875,0.008484,0.012474,-0.028903,-0.017380,-0.354581,1.023139,0.008690,0.012431,-0.028889,-0.017411,-0.354575,1.023136,-0.017350,-0.354588,1.023141,-0.004206,-0.004206,35
-0.000910,0.000609,-0.023639,-0.001247,0.000678,-0.023661,-0.017416,-0.354560,1.022350,-0.001078,0.000643,-0.023650,-0.017442,-0.354554,1.022348,-0.017391,-0.354565,1.022352,0.002641,0.002641,36
-0.008713,-0.000924,-0.019355,-0.008989,-0.000865,-0.019369,-0.017711,-0.354590,1.021705,-0.008851,-0.000894,-0.019362,-0.017732,-0.354585,1.021703,-0.017691,-0.354594,1.021706,0.009727,0.009727,37
0.019207,-0.000829,-0.015843,0.018981,-0.000781,-0.015864,-0.017075,-0.354616,1.021176,0.019094,-0.000805,-0.015854,-0.017092,-0.354613,1.021175,-0.017058,-0.354620,1.021178,-0.017841,-0.017841,38
0.048745,0.009774,-0.030252,0.048560,0.009812,-0.030266,-0.015453,-0.354290,1.020168,0.048653,0.009792,-0.030259,-0.015467,-0.354287,1.020167,-0.015439,-0.354293,1.020169,-0.043529,-0.043529,39
0.020020,0.005030,-0.041946,0.019869,0.005063,-0.041953,-0.014788,-0.354122,1.018769,0.019944,0.005047,-0.041950,-0.014800,-0.354119,1.018769,-0.014777,-0.354124,1.018770,-0.015515,-0.015515,40
0.004296,-0.000452,-0.034339,0.004172,-0.000427,-0.034354,-0.014647,-0.354136,1.017624,0.004234,-0.000440,-0.034347,-0.014657,-0.354134,1.017624,-0.014638,-0.354138,1.017625,-0.002144,-0.002144,41
0.026078,0.022936,-0.045179,0.025977,0.022958,-0.045183,-0.013780,-0.353372,1.016119,0.026028,0.022947,-0.045179,-0.013787,-0.353370,1.016118,-0.013772,-0.353373,1.016119,-0.017280,-0.017280,42
0.034051,0.008357,-0.036993,0.033968,0.008374,-0.036997,-0.012646,-0.353093,1.014885,0.034010,0.008366,-0.036997,-0.012652,-0.353091,1.014885,-0.012640,-0.353094,1.014886,-0.028764,-0.028764,43
0.013222,0.002002,-0.030284,0.013154,0.002017,-0.030295,-0.012206,-0.353026,1.013876,0.013188,0.002009,-0.030288,-0.012212,-0.353025,1.013875,-0.012201,-0.353027,1.013876,-0.010431,-0.010431,44
0.052181,0.004197,-0.041757,0.052125,0.004208,-0.041764,-0.010468,-0.352886,1.012484,0.052153,0.004203,-0.041764,-0.010472,-0.352885,1.012483,-0.010464,-0.352886,1.012484,-0.049072,-0.049072,45
0.084411,0.008717,-0.034189,0.084366,0.008726,-0.034189,-0.007655,-0.352595,1.011344,0.084388,0.008721,-0.034189,-0.007658,-0.352594,1.011344,-0.007652,-0.352596,1.011344,-0.079425,-0.079425,46
0.086218,0.005487,-0.027988,0.086180,0.005496,-0.027988,-0.004782,-0.352412,1.010411,0.086199,0.005491,-0.027988,-0.004785,-0.352411,1.010411,-0.004779,-0.352412,1.010411,-0.081962,-0.081962,47
0.022550,-0.008608,-0.022917,0.022519,-0.008602,-0.022920,-0.004031,-0.352699,1.009647,0.022535,-0.008605,-0.022917,-0.004033,-0.352698,1.009647,-0.004028,-0.352699,1.009647,-0.022635,-0.022635,48
0.005973,0.006086,-0.018765,0.005948,0.006091,-0.018765,-0.003832,-0.352496,1.009022,0.005960,0.006089,-0.018765,-0.003834,-0.352495,1.009022,-0.003830,-0.352496,1.009022,-0.003449,-0.003449,49
0.055867,0.002888,0.001599,0.055846,0.002892,0.001599,-0.001970,-0.352399,1.009075,0.055856,0.002890,0.001599,-0.001972,-0.352399,1.009075,-0.001968,-0.352400,1.009075,-0.054005,-0.054005,50
0.034225,-0.004804,0.001316,0.034208,-0.004800,0.001309,-0.000829,-0.352559,1.009119,0.034216,-0.004801,0.001312,-0.000831,-0.352559,1.009119,-0.000828,-0.352560,1.009119,-0.034521,-0.034521,51
0.037711,0.000255,0.001069,0.037697,0.000258,0.001076,0.000427,-0.352551,1.009154,0.037704,0.000256,0.001073,0.000426,-0.352551,1.009154,0.000428,-0.352551,1.009155,-0.036796,-0.036796,52
0.027207,-0.002271,0.000883,0.027196,-0.002268,0.000876,0.001334,-0.352627,1.009184,0.027201,-0.002269,0.000880,0.001333,-0.352626,1.009184,0.001335,-0.352627,1.009184,-0.027187,-0.027187,53
0.031957,-0.001538,0.000712,0.031948,-0.001537,0.000712,0.002399,-0.352678,1.009207,0.031953,-0.001538,0.000712,0.002398,-0.352678,1.009207,0.002400,-0.352678,1.009207,-0.031561,-0.031561,54
0.035752,0.001650,0.000587,0.035744,0.001652,0.000590,0.003591,-0.352623,1.009227,0.035748,0.001652,0.000587,0.003590,-0.352623,1.009227,0.003591,-0.352623,1.009227,-0.035052,-0.035052,55
0.043968,-0.001079,0.000486,0.043962,-0.001077,0.000483,0.005056,-0.352659,1.009243,0.043965,-0.001078,0.000486,0.005056,-0.352659,1.009243,0.005057,-0.352659,1.009243,-0.043744,-0.043744,56
0.037942,0.000363,0.000393,0.037937,0.000364,0.000393,0.006321,-0.352647,1.009256,0.037940,0.000363,0.000393,0.006321,-0.352647,1.009256,0.006321,-0.352647,1.009256,-0.037421,-0.037421,57
0.026272,0.000188,0.000318,0.026268,0.000189,0.000318,0.007197,-0.352640,1.009267,0.026270,0.000188,0.000318,0.007196,-0.352640,1.009267,0.007197,-0.352640,1.009267,-0.025759,-0.025759,58
0.023237,-0.003083,0.000257,0.023233,-0.003083,0.000257,0.007971,-0.352743,1.009276,0.023235,-0.003083,0.000257,0.007971,-0.352743,1.009276,0.007971,-0.352743,1.009276,-0.023321,-0.023321,59
0.014239,0.009982,-0.016741,0.014237,0.009982,-0.016741,0.008446,-0.352410,1.008718,0.014238,0.009983,-0.016741,0.008445,-0.352410,1.008718,0.008446,-0.352410,1.008718,-0.012662,-0.012662,60
0.012914,0.009034,-0.013711,0.012912,0.009035,-0.013711,0.008876,-0.352109,1.008260,0.012913,0.009034,-0.013711,0.008876,-0.352109,1.008260,0.008876,-0.352109,1.008260,-0.011144,-0.011144,61
0.011137,-0.007912,0.005744,0.011135,-0.007913,0.005744,0.009247,-0.352373,1.008452,0.011136,-0.007912,0.005744,0.009247,-0.352373,1.008452,0.009247,-0.352373,1.008452,-0.012565,-0.012565,62
0.020484,-0.007462,0.004699,0.020482,-0.007461,0.004699,0.009930,-0.352622,1.008609,0.020483,-0.007461,0.004699,0.009930,-0.352622,1.008609,0.009930,-0.352622,1.008609,-0.020484,-0.020484,63
0.012534,-0.000038,0.003852,0.012532,-0.000038,0.003852,0.010348,-0.352623,1.008737,0.012533,-0.000038,0.003852,0.010348,-0.352623,1.008737,0.010348,-0.352623,1.008737,-0.012534,-0.012534,64
0.016558,-0.000711,0.003147,0.016557,-0.000710,0.003147,0.010900,-0.352647,1.008842,0.016558,-0.000711,0.003147,0.010900,-0.352647,1.008842,0.010900,-0.352647,1.008842,-0.016558,-0.016558,65
0.024114,-0.000425,0.002578,0.024113,-0.000425,0.002578,0.011704,-0.352661,1.008928,0.024113,-0.000425,0.002578,0.011703,-0.352661,1.008928,0.011704,-0.352661,1.008928,-0.024114,-0.024114,66
-0.000102,0.002601,-0.014852,-0.000103,0.002601,-0.014852,0.011700,-0.352574,1.008433,-0.000103,0.002601,-0.014852,0.011700,-0.352574,1.008433,0.011700,-0.352574,1.008433,0.000102,0.000102,67
-0.005874,-0.005557,0.004803,-0.005875,-0.005557,0.004803,0.011504,-0.352759,1.008593,-0.005875,-0.005557,0.004803,0.011504,-0.352759,1.008593,0.011504,-0.352759,1.008593,0.005874,0.005874,68
-0.020683,-0.002345,0.003930,-0.020683,-0.002345,0.003930,0.010815,-0.352837,1.008724,-0.020683,-0.002345,0.003930,0.010815,-0.352837,1.008724,0.010815,-0.352837,1.008724,0.020683,0.020683,69
-0.010488,-0.017802,0.020278,-0.010488,-0.017802,0.020278,0.010465,-0.353431,1.009400,-0.010488,-0.017802,0.020278,0.010465,-0.353431,1.009400,0.010465,-0.353431,1.009400,0.010488,0.010488,70
-0.011828,0.009413,-0.000451,-0.011828,0.009413,-0.000451,0.010071,-0.353117,1.009385,-0.011828,0.009413,-0.000451,0.010071,-0.353117,1.009385,0.010071,-0.353117,1.009385,0.011828,0.011828,71
-0.030198,-0.004290,0.016687,-0.030198,-0.004290,0.016687,0.009064,-0.353260,1.009941,-0.030198,-0.004290,0.016687,0.009064,-0.353260,1.009941,0.009064,-0.353260,1.009941,0.030198,0.030198,72
-0.004276,-0.014530,0.030838,-0.004277,-0.014530,0.030838,0.008922,-0.353744,1.010969,-0.004277,-0.014530,0.030838,0.008922,-0.353744,1.010969,0.008922,-0.353744,1.010969,0.004276,0.004276,73
-0.039513,-0.010845,0.025256,-0.039513,-0.010845,0.025256,0.007605,-0.354106,1.011811,-0.039513,-0.010845,0.025256,0.007605,-0.354106,1.011811,0.007605,-0.354106,1.011811,0.039513,0.039513,74
-0.063853,-0.002511,0.020674,-0.063853,-0.002511,0.020674,0.005476,-0.354190,1.012500,-0.063853,-0.002511,0.020674,0.005476,-0.354190,1.012500,0.005476,-0.354190,1.012500,0.063853,0.063853,75
-0.053288,-0.005138,0.016923,-0.053288,-0.005138,0.016923,0.003700,-0.354361,1.013064,-0.053288,-0.005138,0.016923,0.003700,-0.354361,1.013064,0.003700,-0.354361,1.013064,0.053288,0.053288,76
-0.066049,-0.001585,0.013851,-0.066049,-0.001585,0.013851,0.001498,-0.354414,1.013526,-0.066049,-0.001585,0.013851,0.001498,-0.354414,1.013526,0.001498,-0.354414,1.013526,0.066049,0.066049,77
-0.013838,-0.011661,0.011351,-0.013838,-0.011661,0.011351,0.001037,-0.354802,1.013904,-0.013838,-0.011661,0.011351,0.001037,-0.354802,1.013904,0.001037,-0.354802,1.013904,0.013838,0.013838,78
-0.013019,-0.022439,0.026565,-0.013019,-0.022439,0.026565,0.000603,-0.355550,1.014790,-0.013019,-0.022439,0.026565,0.000603,-0.355550,1.014790,0.000603,-0.355550,1.014790,0.013019,0.013019,79
-0.052020,-0.008939,0.021751,-0.052021,-0.008939,0.021751,-0.001131,-0.355848,1.015515,-0.052020,-0.008939,0.021751,-0.001131,-0.355848,1.015515,-0.001131,-0.355848,1.015515,0.052020,0.052020,80
-0.029589,0.003534,0.000526,-0.029589,0.003534,0.000526,-0.002117,-0.355731,1.015532,-0.029589,0.003534,0.000526,-0.002117,-0.355731,1.015532,-0.002117,-0.355731,1.015532,-nan,-nan,81
-0.018887,-0.005448,0.000436,-0.018887,-0.005448,0.000436,-0.002747,-0.355912,1.015547,-0.018887,-0.005448,0.000436,-0.002747,-0.355912,1.015547,-0.002747,-0.355912,1.015547,-nan,-nan,82
-0.043233,0.006765,0.000354,-0.043233,0.006765,0.000354,-0.004188,-0.355687,1.015558,-0.043233,0.006765,0.000354,-0.004188,-0.355687,1.015558,-0.004188,-0.355687,1.015558,-nan,-nan,83
-0.020672,0.000832,0.000297,-0.020672,0.000832,0.000297,-0.004877,-0.355659,1.015568,-0.020672,0.000832,0.000297,-0.004877,-0.355659,1.015568,-0.004877,-0.355659,1.015568,-nan,-nan,84
0.064578,0.002181,0.000236,0.064578,0.002181,0.000236,-0.002724,-0.355586,1.015576,0.064578,0.002181,0.000236,-0.002724,-0.355586,1.015576,-0.002724,-0.355586,1.015576,-nan,-nan,85
0.012744,0.009172,-0.016980,0.012744,0.009172,-0.016980,-0.002299,-0.355280,1.015010,0.012744,0.009172,-0.016980,-0.002299,-0.355280,1.015010,-0.002299,-0.355280,1.015010,-nan,-nan,86
0.019901,0.008376,-0.013901,0.019901,0.008376,-0.013901,-0.001636,-0.355001,1.014547,0.019901,0.008376,-0.013901,-0.001636,-0.355001,1.014547,-0.001636,-0.355001,1.014547,-nan,-nan,87
0.072599,-0.005251,0.005794,0.072599,-0.005251,0.005794,0.000784,-0.355176,1.014740,0.072599,-0.005251,0.005794,0.000784,-0.355176,1.014740,0.000784,-0.355176,1.014740,-nan,-nan,88
0.046660,0.003316,-0.012431,0.046660,0.003316,-0.012431,0.002339,-0.355066,1.014326,0.046660,0.003316,-0.012431,0.002339,-0.355066,1.014326,0.002339,-0.355066,1.014326,-nan,-nan,89
0.012823,0.014471,-0.010182,0.012823,0.014471,-0.010182,0.002767,-0.354583,1.013986,0.012823,0.014471,-0.010182,0.002767,-0.354583,1.013986,0.002767,-0.354583,1.013986,-nan,-nan,90
0.012823,0.014471,-0.010182,0.012823,0.014471,-0.010182,0.002767,-0.354583,1.013986,0.012823,0.014471,-0.010182,0.002767,-0.354583,1.013986,0.002767,-0.354583,1.013986,-nan,-nan,91
0.007683,0.007562,-0.008340,0.007683,0.007562,-0.008340,0.003023,-0.354331,1.013708,0.007683,0.007562,-0.008340,0.003023,-0.354331,1.013708,0.003023,-0.354331,1.013708,-nan,-nan,92
0.033091,-0.010118,0.010353,0.033091,-0.010118,0.010353,0.004126,-0.354669,1.014053,0.033091,-0.010118,0.010353,0.004126,-0.354669,1.014053,0.004126,-0.354669,1.014053,-nan,-nan,93
0.044373,-0.002714,0.008483,0.044373,-0.002714,0.008483,0.005605,-0.354759,1.014336,0.044373,-0.002714,0.008483,0.005605,-0.354759,1.014336,0.005605,-0.354759,1.014336,-nan,-nan,94
0.009587,0.009134,-0.010239,0.009587,0.009134,-0.010239,0.005924,-0.354455,1.013995,0.009587,0.009134,-0.010239,0.005924,-0.354455,1.013995,0.005924,-0.354455,1.013995,-nan,-nan,95
0.025809,0.007263,-0.008383,0.025809,0.007263,-0.008383,0.006785,-0.354213,1.013715,0.025809,0.007263,-0.008383,0.006785,-0.354213,1.013715,0.006785,-0.354213,1.013715,-nan,-nan,96
0.043599,0.001118,0.010314,0.043599,0.001118,0.010314,0.008238,-0.354175,1.014059,0.043599,0.001118,0.010314,0.008238,-0.354175,1.014059,0.008238,-0.354175,1.014059,-nan,-nan,97
0.024915,-0.006963,0.008440,0.024915,-0.006963,0.008440,0.009069,-0.354407,1.014341,0.024915,-0.006963,0.008440,0.009069,-0.354407,1.014341,0.009069,-0.354407,1.014341,-nan,-nan,98
-0.010037,0.001479,-0.010264,-0.010037,0.001479,-0.010264,0.008734,-0.354358,1.013998,-0.010037,0.001479,-0.010264,0.008734,-0.354358,1.013998,0.008734,-0.354358,1.013998,-nan,-nan,99
-0.015208,0.008871,-0.008401,-0.015208,0.008871,-0.008401,0.008227,-0.354062,1.013718,-0.015208,0.008871,-0.008401,0.008227,-0.354062,1.013718,0.008227,-0.354062,1.013718,-nan,-nan,100
-0.021801,0.008995,-0.006874,-0.021801,0.008995,-0.006874,0.007500,-0.353763,1.013489,-0.021801,0.008995,-0.006874,0.007500,-0.353763,1.013489,0.007500,-0.353763,1.013489,-nan,-nan,101
-0.011259,0.002915,-0.005633,-0.011259,0.002915,-0.005633,0.007125,-0.353665,1.013301,-0.011259,0.002915,-0.005633,0.007125,-0.353665,1.013301,0.007125,-0.353665,1.013301,-nan,-nan,102
0.036433,0.009575,-0.004606,0.036433,0.009575,-0.004606,0.008339,-0.353346,1.013148,0.036433,0.009575,-0.004606,0.008339,-0.353346,1.013148,0.008339,-0.353346,1.013148,-nan,-nan,103
0.015851,0.002106,-0.003780,0.015851,0.002106,-0.003780,0.008868,-0.353276,1.013022,0.015851,0.002106,-0.003780,0.008868,-0.353276,1.013022,0.008868,-0.353276,1.013022,-nan,-nan,104
-0.020154,0.003138,-0.003097,-0.020154,0.003138,-0.003097,0.008196,-0.353171,1.012919,-0.020154,0.003138,-0.003097,0.008196,-0.353171,1.012919,0.008196,-0.353171,1.012919,-nan,-nan,105
0.000336,-0.001941,-0.002528,0.000336,-0.001941,-0.002528,0.008207,-0.353236,1.012834,0.000336,-0.001941,-0.002528,0.008207,-0.353236,1.012834,0.008207,-0.353236,1.012834,-nan,-nan,106
0.035822,0.001016,0.015106,0.035822,0.001016,0.015106,0.009401,-0.353202,1.013338,0.035822,0.001016,0.015106,0.009401,-0.353202,1.013338,0.009401,-0.353202,1.013338,-nan,-nan,107
0.023354,-0.004661,0.012367,0.023354,-0.004661,0.012367,0.010180,-0.353358,1.013750,0.023354,-0.004661,0.012367,0.010180,-0.353358,1.013750,0.010180,-0.353358,1.013750,-nan,-nan,108
-0.005380,0.001940,-0.007045,-0.005380,0.001940,-0.007045,0.010000,-0.353293,1.013515,-0.005380,0.001940,-0.007045,0.010000,-0.353293,1.013515,0.010000,-0.353293,1.013515,-nan,-nan,109
-0.005644,-0.001695,0.011401,-0.005644,-0.001695,0.011401,0.009812,-0.353349,1.013895,-0.005644,-0.001695,0.011401,0.009812,-0.353349,1.013895,0.009812,-0.353349,1.013895,-nan,-nan,110
0.020780,-0.006731,0.009327,0.020780,-0.006731,0.009327,0.010505,-0.353574,1.014206,0.020780,-0.006731,0.009327,0.010505,-0.353574,1.014206,0.010505,-0.353574,1.014206,-nan,-nan,111
0.038153,-0.003073,0.007643,0.038153,-0.003073,0.007643,0.011777,-0.353676,1.014461,0.038153,-0.003073,0.007643,0.011777,-0.353676,1.014461,0.011777,-0.353676,1.014461,-nan,-nan,112
-0.003659,-0.007707,0.006251,-0.003659,-0.007707,0.006251,0.011655,-0.353933,1.014669,-0.003659,-0.007707,0.006251,0.011655,-0.353933,1.014669,0.011655,-0.353933,1.014669,-nan,-nan,113
-0.012810,-0.001150,0.005128,-0.012810,-0.001150,0.005128,0.011228,-0.353972,1.014840,-0.012810,-0.001150,0.005128,0.011228,-0.353972,1.014840,0.011228,-0.353972,1.014840,-nan,-nan,114
-0.001147,-0.009062,0.004195,-0.001147,-0.009062,0.004195,0.011190,-0.354274,1.014980,-0.001147,-0.009062,0.004195,0.011190,-0.354274,1.014980,0.011190,-0.354274,1.014980,-nan,-nan,115
0.013192,-0.002015,0.003433,0.013192,-0.002015,0.003433,0.011629,-0.354341,1.015095,0.013192,-0.002015,0.003433,0.011629,-0.354341,1.015095,0.011629,-0.354341,1.015095,-nan,-nan,116
-0.002498,-0.000843,0.002811,-0.002498,-0.000843,0.002811,0.011546,-0.354369,1.015188,-0.002498,-0.000843,0.002811,0.011546,-0.354369,1.015188,0.011546,-0.354369,1.015188,-nan,-nan,117
-0.031730,0.015335,-0.014870,-0.031730,0.015335,-0.014870,0.010488,-0.353858,1.014693,-0.031730,0.015335,-0.014870,0.010488,-0.353858,1.014693,0.010488,-0.353858,1.014693,-nan,-nan,118
-0.013390,0.006191,-0.012174,-0.013390,0.006191,-0.012174,0.010042,-0.353651,1.014287,-0.013390,0.006191,-0.012174,0.010042,-0.353651,1.014287,0.010042,-0.353651,1.014287,-nan,-nan,119
0.016346,-0.001594,0.007206,0.016346,-0.001594,0.007206,0.010587,-0.353704,1.014527,0.016346,-0.001594,0.007206,0.010587,-0.353704,1.014527,0.010587,-0.353704,1.014527,-nan,-nan,120
-0.010170,-0.001867,0.005901,-0.010170,-0.001867,0.005901,0.010248,-0.353767,1.014724,-0.010170,-0.001867,0.005901,0.010248,-0.353767,1.014724,0.010248,-0.353767,1.014724,-nan,-nan,121
-0.015059,0.004214,-0.012345,-0.015059,0.004214,-0.012345,0.009746,-0.353626,1.014312,-0.015059,0.004214,-0.012345,0.009746,-0.353626,1.014312,0.009746,-0.353626,1.014312,-nan,-nan,122
0.014142,-0.000099,0.007070,0.014142,-0.000099,0.007070,0.010217,-0.353630,1.014548,0.014142,-0.000099,0.007070,0.010217,-0.353630,1.014548,0.010217,-0.353630,1.014548,-nan,-nan,123
-0.008718,0.003633,-0.011390,-0.008718,0.003633,-0.011390,0.009927,-0.353508,1.014168,-0.008718,0.003633,-0.011390,0.009927,-0.353508,1.014168,0.009927,-0.353508,1.014168,-nan,-nan,124
-0.010085,-0.003358,0.007857,-0.010085,-0.003358,0.007857,0.009591,-0.353620,1.014430,-0.010085,-0.003358,0.007857,0.009591,-0.353620,1.014430,0.009591,-0.353620,1.014430,-nan,-nan,125
-0.007319,-0.003953,0.006423,-0.007319,-0.003953,0.006423,0.009347,-0.353752,1.014644,-0.007319,-0.003953,0.006423,0.009347,-0.353752,1.014644,0.009347,-0.353752,1.014644,-nan,-nan,126
-0.006250,-0.003435,0.005261,-0.006250,-0.003435,0.005261,0.009138,-0.353867,1.014820,-0.006250,-0.003435,0.005261,0.009138,-0.353867,1.014820,0.009138,-0.353867,1.014820,-nan,-nan,127
0.010649,-0.002723,0.004306,0.010649,-0.002723,0.004306,0.009493,-0.353957,1.014963,0.010649,-0.002723,0.004306,0.009493,-0.353957,1.014963,0.009493,-0.353957,1.014963,-nan,-nan,128
0.014436,-0.004553,0.003526,0.014436,-0.004553,0.003526,0.009974,-0.354109,1.015081,0.014436,-0.004553,0.003526,0.009974,-0.354109,1.015081,0.009974,-0.354109,1.015081,-nan,-nan,129
-0.019977,0.011052,-0.014287,-0.019977,0.011052,-0.014287,0.009309,-0.353741,1.014604,-0.019977,0.011052,-0.014287,0.009309,-0.353741,1.014604,0.009309,-0.353741,1.014604,-nan,-nan,130
-0.017414,0.006491,-0.011698,-0.017414,0.006491,-0.011698,0.008728,-0.353524,1.014215,-0.017414,0.006491,-0.011698,0.008728,-0.353524,1.014215,0.008728,-0.353524,1.014215,-nan,-nan,131
-0.002983,-0.013288,0.007600,-0.002983,-0.013288,0.007600,0.008629,-0.353967,1.014468,-0.002983,-0.013288,0.007600,0.008629,-0.353967,1.014468,0.008629,-0.353967,1.014468,-nan,-nan,132
0.006957,-0.011798,0.006226,0.006957,-0.011798,0.006226,0.008860,-0.354361,1.014675,0.006957,-0.011798,0.006226,0.008860,-0.354361,1.014675,0.008860,-0.354361,1.014675,-nan,-nan,133
-0.005398,-0.001742,0.005096,-0.005398,-0.001742,0.005096,0.008681,-0.354419,1.014845,-0.005398,-0.001742,0.005096,0.008681,-0.354419,1.014845,0.008681,-0.354419,1.014845,-nan,-nan,134
0.002629,-0.006294,0.004166,0.002629,-0.006294,0.004166,0.008768,-0.354628,1.014984,0.002629,-0.006294,0.004166,0.008768,-0.354628,1.014984,0.008768,-0.354628,1.014984,-nan,-nan,135
-0.079006,0.003782,-0.013762,-0.079006,0.003782,-0.013762,0.006135,-0.354502,1.014525,-0.079006,0.003782,-0.013762,0.006135,-0.354502,1.014525,0.006135,-0.354502,1.014525,-nan,-nan,136
-0.062523,0.011270,-0.011265,-0.062523,0.011270,-0.011265,0.004051,-0.354127,1.014150,-0.062523,0.011270,-0.011265,0.004051,-0.354127,1.014150,0.004051,-0.354127,1.014150,-nan,-nan,137
0.019314,-0.002249,0.007950,0.019314,-0.002249,0.007950,0.004694,-0.354202,1.014415,0.019314,-0.002249,0.007950,0.004694,-0.354202,1.014415,0.004694,-0.354202,1.014415,-nan,-nan,138
0.031491,-0.003278,0.006512,0.031491,-0.003278,0.006512,0.005744,-0.354311,1.014632,0.031491,-0.003278,0.006512,0.005744,-0.354311,1.014632,0.005744,-0.354311,1.014632,-nan,-nan,139
0.034009,-0.009252,0.005325,0.034009,-0.009252,0.005325,0.006878,-0.354619,1.014809,0.034009,-0.009252,0.005325,0.006878,-0.354619,1.014809,0.006878,-0.354619,1.014809,-nan,-nan,140
0.023515,-0.005584,0.004363,0.023515,-0.005584,0.004363,0.007661,-0.354805,1.014955,0.023515,-0.005584,0.004363,0.007661,-0.354805,1.014955,0.007661,-0.354805,1.014955,-nan,-nan,141
0.025505,-0.002357,0.003573,0.025505,-0.002357,0.003573,0.008512,-0.354884,1.015074,0.025505,-0.002357,0.003573,0.008512,-0.354884,1.015074,0.008512,-0.354884,1.015074,-nan,-nan,142
0.001285,0.005913,0.002925,0.001285,0.005913,0.002925,0.008554,-0.354687,1.015172,0.001285,0.005913,0.002925,0.008554,-0.354687,1.015172,0.008554,-0.354687,1.015172,-nan,-nan,143
0.007740,0.005507,0.002393,0.007740,0.005507,0.002393,0.008812,-0.354503,1.015251,0.007740,0.005507,0.002393,0.008812,-0.354503,1.015251,0.008812,-0.354503,1.015251,-nan,-nan,144
0.008552,-0.008546,0.001953,0.008552,-0.008546,0.001953,0.009098,-0.354788,1.015316,0.008552,-0.008546,0.001953,0.009098,-0.354788,1.015316,0.009098,-0.354788,1.015316,-nan,-nan,145
0.025722,-0.001023,0.001606,0.025722,-0.001023,0.001606,0.009955,-0.354822,1.015370,0.025722,-0.001023,0.001606,0.009955,-0.354822,1.015370,0.009955,-0.354822,1.015370,-nan,-nan,146
0.008612,-0.002410,0.001323,0.008612,-0.002410,0.001323,0.010242,-0.354903,1.015414,0.008612,-0.002410,0.001323,0.010242,-0.354903,1.015414,0.010242,-0.354903,1.015414,-nan,-nan,147
-0.083485,-0.004846,0.001073,-0.083485,-0.004846,0.001073,0.007459,-0.355064,1.015450,-0.083485,-0.004846,0.001073,0.007459,-0.355064,1.015450,0.007459,-0.355064,1.015450,-nan,-nan,148
-0.048732,-0.013543,0.000883,-0.048732,-0.013543,0.000883,0.005835,-0.355516,1.015479,-0.048732,-0.013543,0.000883,0.005835,-0.355516,1.015479,0.005835,-0.355516,1.015479,-nan,-nan,149
0.005344,0.009634,0.000719,0.005344,0.009634,0.000719,0.006013,-0.355194,1.015503,0.005344,0.009634,0.000719,0.006013,-0.355194,1.015503,0.006013,-0.355194,1.015503,-nan,-nan,150
0.004914,0.001252,0.000590,0.004914,0.001252,0.000590,0.006177,-0.355153,1.015523,0.004914,0.001252,0.000590,0.006177,-0.355153,1.015523,0.006177,-0.355153,1.015523,-nan,-nan,151
-0.037659,0.016558,-0.016680,-0.037659,0.016558,-0.016680,0.004921,-0.354601,1.014967,-0.037659,0.016558,-0.016680,0.004921,-0.354601,1.014967,0.004921,-0.354601,1.014967,-nan,-nan,152
-0.029487,-0.003051,0.003505,-0.029487,-0.003051,0.003505,0.003939,-0.354703,1.015084,-0.029487,-0.003051,0.003505,0.003939,-0.354703,1.015084,0.003939,-0.354703,1.015084,-nan,-nan,153
0.018410,-0.001999,0.002865,0.018410,-0.001999,0.002865,0.004552,-0.354769,1.015179,0.018410,-0.001999,0.002865,0.004552,-0.354769,1.015179,0.004552,-0.354769,1.015179,-nan,-nan,154
0.046140,0.001553,0.002357,0.046140,0.001553,0.002357,0.006090,-0.354717,1.015258,0.046140,0.001553,0.002357,0.006090,-0.354717,1.015258,0.006090,-0.354717,1.015258,-nan,-nan,155
0.063702,0.001554,0.001924,0.063702,0.001554,0.001924,0.008214,-0.354666,1.015322,0.063702,0.001554,0.001924,0.008214,-0.354666,1.015322,0.008214,-0.354666,1.015322,-nan,-nan,156
0.033973,0.005018,0.001574,0.033973,0.005018,0.001574,0.009346,-0.354498,1.015374,0.033973,0.005018,0.001574,0.009346,-0.354498,1.015374,0.009346,-0.354498,1.015374,-nan,-nan,157
-0.060928,0.000765,-0.015882,-0.060928,0.000765,-0.015882,0.007315,-0.354473,1.014845,-0.060928,0.000765,-0.015882,0.007315,-0.354473,1.014845,0.007315,-0.354473,1.014845,-nan,-nan,158
-0.072467,0.006217,-0.013003,-0.072467,0.006217,-0.013003,0.004900,-0.354266,1.014411,-0.072467,0.006217,-0.013003,0.004900,-0.354266,1.014411,0.004900,-0.354266,1.014411,-nan,-nan,159
-0.000010,-0.000878,0.006527,-0.000010,-0.000878,0.006527,0.004899,-0.354295,1.014629,-0.000010,-0.000878,0.006527,0.004899,-0.354295,1.014629,0.004899,-0.354295,1.014629,-nan,-nan,160
0.012296,-0.001907,0.005343,0.012296,-0.001907,0.005343,0.005309,-0.354358,1.014807,0.012296,-0.001907,0.005343,0.005309,-0.354358,1.014807,0.005309,-0.354358,1.014807,-nan,-nan,161
0.001528,0.003556,0.004377,0.001528,0.003556,0.004377,0.005360,-0.354240,1.014953,0.001528,0.003556,0.004377,0.005360,-0.354240,1.014953,0.005360,-0.354240,1.014953,-nan,-nan,162
-0.071022,-0.000379,0.003576,-0.071022,-0.000379,0.003576,0.002993,-0.354253,1.015072,-0.071022,-0.000379,0.003576,0.002993,-0.354253,1.015072,0.002993,-0.354253,1.015072,-nan,-nan,163
-0.062018,0.020058,-0.014237,-0.062018,0.020058,-0.014237,0.000925,-0.353584,1.014598,-0.062018,0.020058,-0.014237,0.000925,-0.353584,1.014598,0.000925,-0.353584,1.014598,-nan,-nan,164
0.019790,-0.006028,0.005522,0.019790,-0.006028,0.005522,0.001585,-0.353785,1.014782,0.019790,-0.006028,0.005522,0.001585,-0.353785,1.014782,0.001585,-0.353785,1.014782,-nan,-nan,165
0.027089,0.000214,0.004510,0.027089,0.000214,0.004510,0.002488,-0.353778,1.014932,0.027089,0.000214,0.004510,0.002488,-0.353778,1.014932,0.002488,-0.353778,1.014932,-nan,-nan,166
0.025963,-0.004714,0.020975,0.025963,-0.004714,0.020975,0.003353,-0.353935,1.015631,0.025963,-0.004714,0.020975,0.003353,-0.353935,1.015631,0.003353,-0.353935,1.015631,-nan,-nan,167
0.008383,0.002714,-0.000104,0.008383,0.002714,-0.000104,0.003633,-0.353844,1.015628,0.008383,0.002714,-0.000104,0.003633,-0.353844,1.015628,0.003633,-0.353844,1.015628,-nan,-nan,168
-0.064104,0.004028,-0.000093,-0.064104,0.004028,-0.000093,0.001496,-0.353710,1.015625,-0.064104,0.004028,-0.000093,0.001496,-0.353710,1.015625,0.001496,-0.353710,1.015625,-nan,-nan,169
-0.048755,0.017465,-0.017238,-0.048755,0.017465,-0.017238,-0.000129,-0.353128,1.015050,-0.048755,0.017465,-0.017238,-0.000129,-0.353128,1.015050,-0.000129,-0.353128,1.015050,-nan,-nan,170
0.037029,-0.005928,0.003058,0.037029,-0.005928,0.003058,0.001105,-0.353326,1.015152,0.037029,-0.005928,0.003058,0.001105,-0.353326,1.015152,0.001105,-0.353326,1.015152,-nan,-nan,171
0.039694,-0.004645,0.002493,0.039694,-0.004645,0.002493,0.002428,-0.353480,1.015235,0.039694,-0.004645,0.002493,0.002428,-0.353480,1.015235,0.002428,-0.353480,1.015235,-nan,-nan,172
0.025569,-0.000147,0.002049,0.025569,-0.000147,0.002049,0.003281,-0.353485,1.015303,0.025569,-0.000147,0.002049,0.003281,-0.353485,1.015303,0.003281,-0.353485,1.015303,-nan,-nan,173
0.046110,0.005875,0.001674,0.046110,0.005875,0.001674,0.004818,-0.353289,1.015359,0.046110,0.005875,0.001674,0.004818,-0.353289,1.015359,0.004818,-0.353289,1.015359,-nan,-nan,174
0.040340,-0.009206,0.018657,0.040340,-0.009206,0.018657,0.006162,-0.353596,1.015981,0.040340,-0.009206,0.018657,0.006162,-0.353596,1.015981,0.006162,-0.353596,1.015981,-nan,-nan,175
-0.018634,-0.002726,-0.002010,-0.018634,-0.002726,-0.002010,0.005541,-0.353687,1.015914,-0.018634,-0.002726,-0.002010,0.005541,-0.353687,1.015914,0.005541,-0.353687,1.015914,-nan,-nan,176
-0.045982,0.007006,-0.001645,-0.045982,0.007006,-0.001645,0.004008,-0.353454,1.015859,-0.045982,0.007006,-0.001645,0.004008,-0.353454,1.015859,0.004008,-0.353454,1.015859,-nan,-nan,177
-0.031911,0.003499,-0.001345,-0.031911,0.003499,-0.001345,0.002945,-0.353337,1.015814,-0.031911,0.003499,-0.001345,0.002945,-0.353337,1.015814,0.002945,-0.353337,1.015814,-nan,-nan,178
-0.002333,-0.004602,-0.001105,-0.002333,-0.004602,-0.001105,0.002867,-0.353490,1.015778,-0.002333,-0.004602,-0.001105,0.002867,-0.353490,1.015778,0.002867,-0.353490,1.015778,-nan,-nan,179
0.012452,0.006367,-0.000901,0.012452,0.006367,-0.000901,0.003282,-0.353278,1.015748,0.012452,0.006367,-0.000901,0.003282,-0.353278,1.015748,0.003282,-0.353278,1.015748,-nan,-nan,180
0.004132,-0.002154,-0.000737,0.004132,-0.002154,-0.000737,0.003420,-0.353350,1.015723,0.004132,-0.002154,-0.000737,0.003420,-0.353350,1.015723,0.003420,-0.353350,1.015723,-nan,-nan,181
0.004132,-0.002154,-0.000737,0.004132,-0.002154,-0.000737,0.003420,-0.353350,1.015723,0.004132,-0.002154,-0.000737,0.003420,-0.353350,1.015723,0.003420,-0.353350,1.015723,-nan,-nan,182
-0.007500,0.003585,-0.000604,-0.007500,0.003585,-0.000604,0.003170,-0.353230,1.015703,-0.007500,0.003585,-0.000604,0.003170,-0.353230,1.015703,0.003170,-0.353230,1.015703,-nan,-nan,183
0.009075,0.000515,-0.000490,0.009075,0.000515,-0.000490,0.003472,-0.353213,1.015687,0.009075,0.000515,-0.000490,0.003472,-0.353213,1.015687,0.003472,-0.353213,1.015687,-nan,-nan,184
-0.001291,0.002623,-0.000408,-0.001291,0.002623,-0.000408,0.003429,-0.353126,1.015673,-0.001291,0.002623,-0.000408,0.003429,-0.353126,1.015673,0.003429,-0.353126,1.015673,-nan,-nan,185
-0.039386,0.002331,-0.000336,-0.039386,0.002331,-0.000336,0.002116,-0.353048,1.015662,-0.039386,0.002331,-0.000336,0.002116,-0.353048,1.015662,0.002116,-0.353048,1.015662,-nan,-nan,186
-0.004426,-0.006737,-0.000275,-0.004426,-0.006737,-0.000275,0.001969,-0.353273,1.015653,-0.004426,-0.006737,-0.000275,0.001969,-0.353273,1.015653,0.001969,-0.353273,1.015653,-nan,-nan,187
0.055755,-0.002473,-0.000218,0.055755,-0.002473,-0.000218,0.003827,-0.353355,1.015645,0.055755,-0.002473,-0.000218,0.003827,-0.353355,1.015645,0.003827,-0.353355,1.015645,-nan,-nan,188
0.041777,0.000652,-0.000182,0.041777,0.000652,-0.000182,0.005220,-0.353333,1.015639,0.041777,0.000652,-0.000182,0.005220,-0.353333,1.015639,0.005220,-0.353333,1.015639,-nan,-nan,189
0.012503,-0.005460,-0.000150,0.012503,-0.005460,-0.000150,0.005637,-0.353515,1.015634,0.012503,-0.005460,-0.000150,0.005637,-0.353515,1.015634,0.005637,-0.353515,1.015634,-nan,-nan,190
0.051931,-0.008442,-0.000118,0.051931,-0.008442,-0.000118,0.007368,-0.353797,1.015630,0.051931,-0.008442,-0.000118,0.007368,-0.353797,1.015630,0.007368,-0.353797,1.015630,-nan,-nan,191
0.056155,-0.002283,-0.000104,0.056155,-0.002283,-0.000104,0.009240,-0.353873,1.015627,0.056155,-0.002283,-0.000104,0.009240,-0.353873,1.015627,0.009240,-0.353873,1.015627,-nan,-nan,192
0.005080,0.004757,-0.000079,0.005080,0.004757,-0.000079,0.009409,-0.353714,1.015624,0.005080,0.004757,-0.000079,0.009409,-0.353714,1.015624,0.009409,-0.353714,1.015624,-nan,-nan,193
-0.045096,0.013060,-0.017245,-0.045096,0.013060,-0.017245,0.007906,-0.353279,1.015049,-0.045096,0.013060,-0.017245,0.007906,-0.353279,1.015049,0.007906,-0.353279,1.015049,-nan,-nan,194
-0.070599,0.013270,-0.014116,-0.070599,0.013270,-0.014116,0.005552,-0.352837,1.014579,-0.070599,0.013270,-0.014116,0.005552,-0.352837,1.014579,0.005552,-0.352837,1.014579,-nan,-nan,195
-0.024261,-0.001842,-0.011559,-0.024261,-0.001842,-0.011559,0.004744,-0.352898,1.014194,-0.024261,-0.001842,-0.011559,0.004744,-0.352898,1.014194,0.004744,-0.352898,1.014194,-nan,-nan,196
0.009370,-0.002418,0.007718,0.009370,-0.002418,0.007718,0.005056,-0.352979,1.014451,0.009370,-0.002418,0.007718,0.005056,-0.352979,1.014451,0.005056,-0.352979,1.014451,-nan,-nan,197
-0.030811,0.017480,-0.010861,-0.030811,0.017480,-0.010861,0.004029,-0.352396,1.014089,-0.030811,0.017480,-0.010861,0.004029,-0.352396,1.014089,0.004029,-0.352396,1.014089,-nan,-nan,198
0.000909,-0.011753,0.008286,0.000909,-0.011753,0.008286,0.004059,-0.352788,1.014365,0.000909,-0.011753,0.008286,0.004059,-0.352788,1.014365,0.004059,-0.352788,1.014365,-nan,-nan,199
0.019126,-0.009159,0.006777,0.019126,-0.009159,0.006777,0.004697,-0.353093,1.014591,0.019126,-0.009159,0.006777,0.004697,-0.353093,1.014591,0.004697,-0.353093,1.014591,-nan,-nan,200
-0.039098,0.005273,0.005554,-0.039098,0.005273,0.005554,0.003394,-0.352917,1.014776,-0.039098,0.005273,0.005554,0.003394,-0.352917,1.014776,0.003394,-0.352917,1.014776,-nan,-nan,201
-0.036535,0.001824,0.004545,-0.036535,0.001824,0.004545,0.002176,-0.352857,1.014928,-0.036535,0.001824,0.004545,0.002176,-0.352857,1.014928,0.002176,-0.352857,1.014928,-nan,-nan,202
-0.024818,0.000704,0.003716,-0.024818,0.000704,0.003716,0.001348,-0.352833,1.015051,-0.024818,0.000704,0.003716,0.001348,-0.352833,1.015051,0.001348,-0.352833,1.015051,-nan,-nan,203
-0.005163,0.003625,0.003047,-0.005163,0.003625,0.003047,0.001176,-0.352712,1.015153,-0.005163,0.003625,0.003047,0.001176,-0.352712,1.015153,0.001176,-0.352712,1.015153,-nan,-nan,204
0.019386,-0.011321,0.002500,0.019386,-0.011321,0.002500,0.001823,-0.353090,1.015236,0.019386,-0.011321,0.002500,0.001823,-0.353090,1.015236,0.001823,-0.353090,1.015236,-nan,-nan,205
-0.006904,-0.004169,0.002038,-0.006904,-0.004169,0.002038,0.001592,-0.353229,1.015304,-0.006904,-0.004169,0.002038,0.001592,-0.353229,1.015304,0.001592,-0.353229,1.015304,-nan,-nan,206
-0.063069,-0.002888,0.001670,-0.063069,-0.002888,0.001670,-0.000510,-0.353325,1.015360,-0.063069,-0.002888,0.001670,-0.000510,-0.353325,1.015360,-0.000510,-0.353325,1.015360,-nan,-nan,207
-0.034717,-0.002030,0.001370,-0.034717,-0.002030,0.001370,-0.001667,-0.353393,1.015406,-0.034717,-0.002030,0.001370,-0.001667,-0.353393,1.015406,-0.001667,-0.353393,1.015406,-nan,-nan,208
-0.027740,-0.007889,0.001123,-0.027740,-0.007889,0.001123,-0.002592,-0.353655,1.015443,-0.027740,-0.007889,0.001123,-0.002592,-0.353655,1.015443,-0.002592,-0.353655,1.015443,-nan,-nan,209
-0.041431,0.011711,0.000912,-0.041431,0.011711,0.000912,-0.003973,-0.353265,1.015473,-0.041431,0.011711,0.000912,-0.003973,-0.353265,1.015473,-0.003973,-0.353265,1.015473,-nan,-nan,210
-0.009793,0.004433,0.000755,-0.009793,0.004433,0.000755,-0.004299,-0.353117,1.015499,-0.009793,0.004433,0.000755,-0.004299,-0.353117,1.015499,-0.004299,-0.353117,1.015499,-nan,-nan,211
-0.008406,0.007772,0.000619,-0.008406,0.007772,0.000619,-0.004579,-0.352858,1.015519,-0.008406,0.007772,0.000619,-0.004579,-0.352858,1.015519,-0.004579,-0.352858,1.015519,-nan,-nan,212
-0.051245,-0.006263,0.000504,-0.051245,-0.006263,0.000504,-0.006288,-0.353067,1.015536,-0.051245,-0.006263,0.000504,-0.006288,-0.353067,1.015536,-0.006288,-0.353067,1.015536,-nan,-nan,213
0.002789,0.017958,-0.016762,0.002789,0.017958,-0.016762,-0.006195,-0.352468,1.014977,0.002789,0.017958,-0.016762,-0.006195,-0.352468,1.014977,-0.006195,-0.352468,1.014977,-nan,-nan,214
0.058576,-0.019729,0.020728,0.058576,-0.019729,0.020728,-0.004242,-0.353126,1.015668,0.058576,-0.019729,0.020728,-0.004242,-0.353126,1.015668,-0.004242,-0.353126,1.015668,-nan,-nan,215
-0.039975,-0.005504,-0.000300,-0.039975,-0.005504,-0.000300,-0.005575,-0.353310,1.015658,-0.039975,-0.005504,-0.000300,-0.005575,-0.353310,1.015658,-0.005575,-0.353310,1.015658,-nan,-nan,216
-0.033384,0.008255,-0.000254,-0.033384,0.008255,-0.000254,-0.006687,-0.353034,1.015650,-0.033384,0.008255,-0.000254,-0.006687,-0.353034,1.015650,-0.006687,-0.353034,1.015650,-nan,-nan,217
0.023883,0.015031,-0.000207,0.023883,0.015031,-0.000207,-0.005891,-0.352533,1.015643,0.023883,0.015031,-0.000207,-0.005891,-0.352533,1.015643,-0.005891,-0.352533,1.015643,-nan,-nan,218
0.031912,0.005178,-0.000168,0.031912,0.005178,-0.000168,-0.004828,-0.352361,1.015637,0.031912,0.005178,-0.000168,-0.004828,-0.352361,1.015637,-0.004828,-0.352361,1.015637,-nan,-nan,219
0.037756,-0.000183,-0.000139,0.037756,-0.000183,-0.000139,-0.003569,-0.352367,1.015633,0.037756,-0.000183,-0.000139,-0.003569,-0.352367,1.015633,-0.003569,-0.352367,1.015633,-nan,-nan,220
0.038175,-0.006539,-0.000114,0.038175,-0.006539,-0.000114,-0.002297,-0.352585,1.015629,0.038175,-0.006539,-0.000114,-0.002297,-0.352585,1.015629,-0.002297,-0.352585,1.015629,-nan,-nan,221
-0.007794,0.004746,-0.017263,-0.007794,0.004746,-0.017263,-0.002556,-0.352427,1.015053,-0.007794,0.004746,-0.017263,-0.002556,-0.352427,1.015053,-0.002556,-0.352427,1.015053,-nan,-nan,222
-0.013856,-0.005069,0.003033,-0.013856,-0.005069,0.003033,-0.003018,-0.352596,1.015154,-0.013856,-0.005069,0.003033,-0.003018,-0.352596,1.015154,-0.003018,-0.352596,1.015154,-nan,-nan,223
0.013103,0.001981,0.002489,0.013103,0.001981,0.002489,-0.002582,-0.352530,1.015237,0.013103,0.001981,0.002489,-0.002582,-0.352530,1.015237,-0.002582,-0.352530,1.015237,-nan,-nan,224
-0.036181,-0.009200,0.002035,-0.036181,-0.009200,0.002035,-0.003788,-0.352836,1.015305,-0.036181,-0.009200,0.002035,-0.003788,-0.352836,1.015305,-0.003788,-0.352836,1.015305,-nan,-nan,225
-0.019586,0.015788,-0.015507,-0.019586,0.015788,-0.015507,-0.004440,-0.352310,1.014788,-0.019586,0.015788,-0.015507,-0.004440,-0.352310,1.014788,-0.004440,-0.352310,1.014788,-nan,-nan,226
-0.049985,0.008635,-0.012696,-0.049985,0.008635,-0.012696,-0.006107,-0.352022,1.014365,-0.049985,0.008635,-0.012696,-0.006107,-0.352022,1.014365,-0.006107,-0.352022,1.014365,-nan,-nan,227
-0.036374,0.011476,-0.010393,-0.036374,0.011476,-0.010393,-0.007319,-0.351640,1.014019,-0.036374,0.011476,-0.010393,-0.007319,-0.351640,1.014019,-0.007319,-0.351640,1.014019,-nan,-nan,228
0.033305,0.005688,0.008662,0.033305,0.005688,0.008662,-0.006209,-0.351450,1.014307,0.033305,0.005688,0.008662,-0.006209,-0.351450,1.014307,-0.006209,-0.351450,1.014307,-nan,-nan,229
0.026136,0.005157,0.007099,0.026136,0.005157,0.007099,-0.005338,-0.351278,1.014544,0.026136,0.005157,0.007099,-0.005338,-0.351278,1.014544,-0.005338,-0.351278,1.014544,-nan,-nan,230
-0.033465,-0.008039,0.005801,-0.033465,-0.008039,0.005801,-0.006453,-0.351546,1.014737,-0.033465,-0.008039,0.005801,-0.006453,-0.351546,1.014737,-0.006453,-0.351546,1.014737,-nan,-nan,231
-0.017503,0.003730,-0.012417,-0.017503,0.003730,-0.012417,-0.007037,-0.351422,1.014323,-0.017503,0.003730,-0.012417,-0.007037,-0.351422,1.014323,-0.007037,-0.351422,1.014323,-nan,-nan,232
0.053317,-0.006414,0.007006,0.053317,-0.006414,0.007006,-0.005259,-0.351636,1.014557,0.053317,-0.006414,0.007006,-0.005259,-0.351636,1.014557,-0.005259,-0.351636,1.014557,-nan,-nan,233
0.021430,-0.002720,0.005736,0.021430,-0.002720,0.005736,-0.004545,-0.351726,1.014748,0.021430,-0.002720,0.005736,-0.004545,-0.351726,1.014748,-0.004545,-0.351726,1.014748,-nan,-nan,234
0.018645,0.004345,0.004692,0.018645,0.004345,0.004692,-0.003924,-0.351581,1.014905,0.018645,0.004345,0.004692,-0.003924,-0.351581,1.014905,-0.003924,-0.351581,1.014905,-nan,-nan,235
0.036708,0.009001,0.003844,0.036708,0.009001,0.003844,-0.002700,-0.351281,1.015033,0.036708,0.009001,0.003844,-0.002700,-0.351281,1.015033,-0.002700,-0.351281,1.015033,-nan,-nan,236
0.020493,0.008107,0.003144,0.020493,0.008107,0.003144,-0.002017,-0.351011,1.015138,0.020493,0.008107,0.003144,-0.002017,-0.351011,1.015138,-0.002017,-0.351011,1.015138,-nan,-nan,237
0.032692,0.003213,0.002582,0.032692,0.003213,0.002582,-0.000927,-0.350904,1.015224,0.032692,0.003213,0.002582,-0.000927,-0.350904,1.015224,-0.000927,-0.350904,1.015224,-nan,-nan,238
0.022114,-0.000261,0.002110,0.022114,-0.000261,0.002110,-0.000190,-0.350913,1.015294,0.022114,-0.000261,0.002110,-0.000190,-0.350913,1.015294,-0.000190,-0.350913,1.015294,-nan,-nan,239
-0.004593,-0.003236,0.001727,-0.004593,-0.003236,0.001727,-0.000343,-0.351021,1.015352,-0.004593,-0.003236,0.001727,-0.000343,-0.351021,1.015352,-0.000343,-0.351021,1.015352,-nan,-nan,240
-0.007707,-0.003895,0.001416,-0.007707,-0.003895,0.001416,-0.000600,-0.351150,1.015399,-0.007707,-0.003895,0.001416,-0.000600,-0.351150,1.015399,-0.000600,-0.351150,1.015399,-nan,-nan,241
-0.001918,-0.000273,0.001162,-0.001918,-0.000273,0.001162,-0.000664,-0.351160,1.015437,-0.001918,-0.000273,0.001162,-0.000664,-0.351160,1.015437,-0.000664,-0.351160,1.015437,-nan,-nan,242
0.039284,-0.008854,0.000948,0.039284,-0.008854,0.000948,0.000646,-0.351455,1.015469,0.039284,-0.008854,0.000948,0.000646,-0.351455,1.015469,0.000646,-0.351455,1.015469,-nan,-nan,243
-0.011103,-0.011482,0.000780,-0.011103,-0.011482,0.000780,0.000275,-0.351837,1.015495,-0.011103,-0.011482,0.000780,0.000275,-0.351837,1.015495,0.000275,-0.351837,1.015495,-nan,-nan,244
-0.058918,-0.000734,0.000633,-0.058918,-0.000734,0.000633,-0.001689,-0.351862,1.015516,-0.058918,-0.000734,0.000633,-0.001689,-0.351862,1.015516,-0.001689,-0.351862,1.015516,-nan,-nan,245
-0.033321,0.000532,0.000519,-0.033321,0.000532,0.000519,-0.002799,-0.351844,1.015533,-0.033321,0.000532,0.000519,-0.002799,-0.351844,1.015533,-0.002799,-0.351844,1.015533,-nan,-nan,246
-0.045045,-0.003153,0.000426,-0.045045,-0.003153,0.000426,-0.004301,-0.351949,1.015548,-0.045045,-0.003153,0.000426,-0.004301,-0.351949,1.015548,-0.004301,-0.351949,1.015548,-nan,-nan,247
-0.026529,0.010706,0.000350,-0.026529,0.010706,0.000350,-0.005185,-0.351592,1.015559,-0.026529,0.010706,0.000350,-0.005185,-0.351592,1.015559,-0.005185,-0.351592,1.015559,-nan,-nan,248
0.032363,0.004967,0.000286,0.032363,0.004967,0.000286,-0.004106,-0.351427,1.015569,0.032363,0.004967,0.000286,-0.004106,-0.351427,1.015569,-0.004106,-0.351427,1.015569,-nan,-nan,249
0.030926,-0.005602,0.017513,0.030926,-0.005602,0.017513,-0.003075,-0.351614,1.016153,0.030926,-0.005602,0.017513,-0.003075,-0.351614,1.016153,-0.003075,-0.351614,1.016153,-nan,-nan,250
0.011004,0.005347,-0.002943,0.011004,0.005347,-0.002943,-0.002709,-0.351435,1.016055,0.011004,0.005347,-0.002943,-0.002709,-0.351435,1.016055,-0.002709,-0.351435,1.016055,-nan,-nan,251
0.009463,0.003041,-0.002410,0.009463,0.003041,-0.002410,-0.002393,-0.351334,1.015974,0.009463,0.003041,-0.002410,-0.002393,-0.351334,1.015974,-0.002393,-0.351334,1.015974,-nan,-nan,252
0.043142,0.007281,-0.001978,0.043142,0.007281,-0.001978,-0.000955,-0.351091,1.015908,0.043142,0.007281,-0.001978,-0.000955,-0.351091,1.015908,-0.000955,-0.351091,1.015908,-nan,-nan,253
0.025389,0.000191,-0.001609,0.025389,0.000191,-0.001609,-0.000109,-0.351085,1.015855,0.025389,0.000191,-0.001609,-0.000109,-0.351085,1.015855,-0.000109,-0.351085,1.015855,-nan,-nan,254
0.002463,0.000740,-0.001316,0.002463,0.000740,-0.001316,-0.000027,-0.351060,1.015811,0.002463,0.000740,-0.001316,-0.000027,-0.351060,1.015811,-0.000027,-0.351060,1.015811,-nan,-nan,255
-0.010826,0.005345,-0.001084,-0.010826,0.005345,-0.001084,-0.000388,-0.350882,1.015775,-0.010826,0.005345,-0.001084,-0.000388,-0.350882,1.015775,-0.000388,-0.350882,1.015775,-nan,-nan,256
-0.002813,-0.001051,-0.000887,-0.002813,-0.001051,-0.000887,-0.000481,-0.350917,1.015745,-0.002813,-0.001051,-0.000887,-0.000481,-0.350917,1.015745,-0.000481,-0.350917,1.015745,-nan,-nan,257
-0.005811,-0.003068,-0.000726,-0.005811,-0.003068,-0.000726,-0.000675,-0.351019,1.015721,-0.005811,-0.003068,-0.000726,-0.000675,-0.351019,1.015721,-0.000675,-0.351019,1.015721,-nan,-nan,258
-0.020284,0.004792,-0.000590,-0.020284,0.004792,-0.000590,-0.001351,-0.350860,1.015701,-0.020284,0.004792,-0.000590,-0.001351,-0.350860,1.015701,-0.001351,-0.350860,1.015701,-nan,-nan,259
-0.013293,0.001346,-0.000483,-0.013293,0.001346,-0.000483,-0.001794,-0.350815,1.015685,-0.013293,0.001346,-0.000483,-0.001794,-0.350815,1.015685,-0.001794,-0.350815,1.015685,-nan,-nan,260
0.066254,-0.008330,0.016880,0.066254,-0.008330,0.016880,0.000414,-0.351092,1.016248,0.066254,-0.008330,0.016880,0.000414,-0.351092,1.016248,0.000414,-0.351092,1.016248,-nan,-nan,261
0.005614,-0.014054,-0.003458,0.005614,-0.014054,-0.003458,0.000601,-0.351561,1.016132,0.005614,-0.014054,-0.003458,0.000601,-0.351561,1.016132,0.000601,-0.351561,1.016132,-nan,-nan,262
-0.011619,0.009846,-0.002832,-0.011619,0.009846,-0.002832,0.000214,-0.351233,1.016038,-0.011619,0.009846,-0.002832,0.000214,-0.351233,1.016038,0.000214,-0.351233,1.016038,-nan,-nan,263
0.007508,-0.012600,0.014956,0.007508,-0.012600,0.014956,0.000464,-0.351653,1.016537,0.007508,-0.012600,0.014956,0.000464,-0.351653,1.016537,0.000464,-0.351653,1.016537,-nan,-nan,264
-0.040878,-0.017834,0.047143,-0.040878,-0.017834,0.047143,-0.000898,-0.352247,1.018108,-0.040878,-0.017834,0.047143,-0.000898,-0.352247,1.018108,-0.000898,-0.352247,1.018108,-nan,-nan,265
-0.053808,-0.026710,0.056201,-0.053808,-0.026710,0.056201,-0.002692,-0.353137,1.019981,-0.053808,-0.026710,0.056201,-0.002692,-0.353137,1.019981,-0.002692,-0.353137,1.019981,-nan,-nan,266
-0.029459,-0.037270,0.081564,-0.029459,-0.037270,0.081564,-0.003674,-0.354380,1.022700,-0.029459,-0.037270,0.081564,-0.003674,-0.354380,1.022700,-0.003674,-0.354380,1.022700,-nan,-nan,267
0.005201,-0.026278,0.102789,0.005201,-0.026278,0.102789,-0.003500,-0.355256,1.026127,0.005201,-0.026278,0.102789,-0.003500,-0.355256,1.026127,-0.003500,-0.355256,1.026127,-nan,-nan,268
-0.011731,-0.023403,0.120628,-0.011731,-0.023403,0.120628,-0.003892,-0.356036,1.030147,-0.011731,-0.023403,0.120628,-0.003892,-0.356036,1.030147,-0.003892,-0.356036,1.030147,-nan,-nan,269
-0.017181,-0.022990,0.154363,-0.017181,-0.022990,0.154363,-0.004464,-0.356802,1.035293,-0.017181,-0.022990,0.154363,-0.004464,-0.356802,1.035293,-0.004464,-0.356802,1.035293,-nan,-nan,270
-0.009743,-0.037064,0.183073,-0.009743,-0.037064,0.183073,-0.004789,-0.358038,1.041395,-0.009743,-0.037064,0.183073,-0.004789,-0.358038,1.041395,-0.004789,-0.358038,1.041395,-nan,-nan,271
0.021808,-0.010073,0.188302,0.021808,-0.010073,0.188302,-0.004062,-0.358373,1.047672,0.021808,-0.010073,0.188302,-0.004062,-0.358373,1.047672,-0.004062,-0.358373,1.047672,-nan,-nan,272
0.021808,-0.010073,0.188302,0.021808,-0.010073,0.188302,-0.004062,-0.358373,1.047672,0.021808,-0.010073,0.188302,-0.004062,-0.358373,1.047672,-0.004062,-0.358373,1.047672,-nan,-nan,273
0.039033,-0.030861,0.252485,0.039033,-0.030861,0.252485,-0.002761,-0.359402,1.056088,0.039033,-0.030861,0.252485,-0.002761,-0.359402,1.056088,-0.002761,-0.359402,1.056088,-nan,-nan,274
-0.015356,-0.030826,0.267305,-0.015356,-0.030826,0.267305,-0.003273,-0.360430,1.064998,-0.015356,-0.030826,0.267305,-0.003273,-0.360430,1.064998,-0.003273,-0.360430,1.064998,-nan,-nan,275
0.021533,-0.026495,0.239314,0.021533,-0.026495,0.239314,-0.002555,-0.361313,1.072976,0.021533,-0.026495,0.239314,-0.002555,-0.361313,1.072976,-0.002555,-0.361313,1.072976,-nan,-nan,276
0.044386,-0.020697,0.216544,0.044386,-0.020697,0.216544,-0.001076,-0.362003,1.080194,0.044386,-0.020697,0.216544,-0.001076,-0.362003,1.080194,-0.001076,-0.362003,1.080194,-nan,-nan,277
-0.021637,-0.001100,0.198040,-0.021637,-0.001100,0.198040,-0.001797,-0.362039,1.086795,-0.021637,-0.001100,0.198040,-0.001797,-0.362039,1.086795,-0.001797,-0.362039,1.086795,-nan,-nan,278
-0.020514,0.020332,0.183048,-0.020514,0.020332,0.183048,-0.002481,-0.361362,1.092897,-0.020514,0.020332,0.183048,-0.002481,-0.361362,1.092897,-0.002481,-0.361362,1.092897,-nan,-nan,279
-0.006488,0.010572,0.170896,-0.006488,0.010572,0.170896,-0.002697,-0.361009,1.098593,-0.006488,0.010572,0.170896,-0.002697,-0.361009,1.098593,-0.002697,-0.361009,1.098593,-nan,-nan,280
-0.005583,0.055914,0.139922,-0.005583,0.055914,0.139922,-0.002883,-0.359145,1.103257,-0.005583,0.055914,0.139922,-0.002883,-0.359145,1.103257,-0.002883,-0.359145,1.103257,-nan,-nan,281
0.016736,0.057991,0.135741,0.016736,0.057991,0.135741,-0.002325,-0.357212,1.107782,0.016736,0.057991,0.135741,-0.002325,-0.357212,1.107782,-0.002325,-0.357212,1.107782,-nan,-nan,282
0.029918,0.079517,0.132465,0.029918,0.079517,0.132465,-0.001328,-0.354562,1.112197,0.029918,0.079517,0.132465,-0.001328,-0.354562,1.112197,-0.001328,-0.354562,1.112197,-nan,-nan,283
0.038991,0.074540,0.108465,0.038991,0.074540,0.108465,-0.000028,-0.352077,1.115813,0.038991,0.074540,0.108465,-0.000028,-0.352077,1.115813,-0.000028,-0.352077,1.115813,-nan,-nan,284
0.061720,0.080211,0.088785,0.061720,0.080211,0.088785,0.002029,-0.349403,1.118772,0.061720,0.080211,0.088785,0.002029,-0.349403,1.118772,0.002029,-0.349403,1.118772,-nan,-nan,285
0.063454,0.065673,0.094188,0.063454,0.065673,0.094188,0.004144,-0.347214,1.121912,0.063454,0.065673,0.094188,0.004144,-0.347214,1.121912,0.004144,-0.347214,1.121912,-nan,-nan,286
0.068887,0.070597,0.077108,0.068887,0.070597,0.077108,0.006441,-0.344861,1.124482,0.068887,0.070597,0.077108,0.006441,-0.344861,1.124482,0.006441,-0.344861,1.124482,-nan,-nan,287
0.063951,0.081199,0.063125,0.063951,0.081199,0.063125,0.008572,-0.342154,1.126586,0.063951,0.081199,0.063125,0.008572,-0.342154,1.126586,0.008572,-0.342154,1.126586,-nan,-nan,288
0.060256,0.087902,0.051692,0.060256,0.087902,0.051692,0.010581,-0.339224,1.128309,0.060256,0.087902,0.051692,0.010581,-0.339224,1.128309,0.010581,-0.339224,1.128309,-nan,-nan,289
0.045552,0.123526,0.042322,0.045552,0.123526,0.042322,0.012099,-0.335107,1.129720,0.045552,0.123526,0.042322,0.012099,-0.335107,1.129720,0.012099,-0.335107,1.129720,-nan,-nan,290
-0.046323,0.203881,0.034658,-0.046323,0.203881,0.034658,0.010555,-0.328311,1.130875,-0.046323,0.203881,0.034658,0.010555,-0.328311,1.130875,0.010555,-0.328311,1.130875,-nan,-nan,291
-0.055200,0.364708,0.028367,-0.055200,0.364708,0.028367,0.008715,-0.316154,1.131821,-0.055200,0.364708,0.028367,0.008715,-0.316154,1.131821,0.008715,-0.316154,1.131821,-nan,-nan,292
-0.111809,0.218520,0.023228,-0.111809,0.218520,0.023228,0.004988,-0.308870,1.132595,-0.111809,0.218520,0.023228,0.004988,-0.308870,1.132595,0.004988,-0.308870,1.132595,-nan,-nan,293
-0.146255,0.093007,0.019004,-0.146255,0.093007,0.019004,0.000113,-0.305770,1.133229,-0.146255,0.093007,0.019004,0.000113,-0.305770,1.133229,0.000113,-0.305770,1.133229,-nan,-nan,294
0.000003,0.000001,-0.000013,-0.000001,0.000004,-0.000007,-0.026297,-0.205389,0.912137,-2.739600,-0.146897,0.573885,-0.208937,-0.215182,0.950396,0.156343,-0.195595,0.873877,-0.000006,-0.000006,295
0.000000,0.000000,0.000000,0.000000,0.000000,0.000000,-0.026297,-0.205389,0.912137,0.000000,0.000000,0.000000,-0.208937,-0.215182,0.950396,0.156343,-0.195595,0.873877,0.000000,0.000000,296
0.013003,-0.006955,0.015128,0.015148,-0.004974,0.012789,-0.025827,-0.205588,0.912602,0.014076,-0.005965,0.013958,-0.208503,-0.215414,0.950901,0.156848,-0.195761,0.874304,-0.009244,-0.009244,297
0.015849,0.005041,0.027605,0.025206,-0.003653,0.023328,-0.025143,-0.205564,0.913451,0.020527,0.000694,0.025467,-0.207975,-0.215246,0.951821,0.157688,-0.195883,0.875081,-0.010089,-0.010089,298
0.020044,0.003136,0.037909,0.038681,0.008871,0.045024,-0.024164,-0.205364,0.914833,0.029362,0.006004,0.041467,-0.207307,-0.215141,0.953084,0.158978,-0.195587,0.876582,-0.012017,-0.012017,299
0.036347,-0.001391,0.031037,0.051088,0.011348,0.049927,-0.022707,-0.205198,0.916183,0.043718,0.004979,0.040480,-0.206095,-0.215188,0.954119,0.160681,-0.195209,0.878246,-0.029190,-0.029190,300
0.040838,-0.000270,0.025411,0.051961,0.009453,0.054016,-0.021161,-0.205045,0.917506,0.046399,0.004591,0.039715,-0.204734,-0.215197,0.954966,0.162413,-0.194894,0.880047,-0.034866,-0.034866,301
0.037196,0.007727,0.036203,0.054736,0.014971,0.057437,-0.019628,-0.204667,0.919067,0.045966,0.011349,0.046821,-0.203494,-0.214939,0.956173,0.164237,-0.194395,0.881961,-0.029678,-0.029678,302
0.029222,0.004533,0.045129,0.051906,0.012054,0.047028,-0.018276,-0.204391,0.920603,0.040564,0.008293,0.046077,-0.202520,-0.214788,0.957677,0.165968,-0.193993,0.883529,-0.019966,-0.019966,303
0.031284,0.004787,0.052532,0.048321,0.011357,0.051781,-0.016950,-0.204121,0.922341,0.039803,0.008072,0.052156,-0.201477,-0.214628,0.959428,0.167578,-0.193615,0.885255,-0.020555,-0.020555,304
0.031389,0.006290,0.043010,0.047172,0.018146,0.042397,-0.015640,-0.203714,0.923765,0.039281,0.012218,0.042704,-0.200431,-0.214419,0.960862,0.169151,-0.193010,0.886668,-0.022631,-0.022631,305
0.025561,0.011630,0.050887,0.047499,0.013407,0.048069,-0.014422,-0.203297,0.925414,0.036530,0.012519,0.049478,-0.199579,-0.214031,0.962558,0.170734,-0.192563,0.888270,-0.015689,-0.015689,306
0.022069,0.015704,0.041664,0.043323,0.015209,0.052781,-0.013333,-0.202782,0.926988,0.032696,0.015457,0.047221,-0.198843,-0.213508,0.963947,0.172178,-0.192056,0.890030,-0.014370,-0.014370,307
0.025951,0.002432,0.034107,0.039540,0.012247,0.043218,-0.012241,-0.202537,0.928277,0.032745,0.007339,0.038663,-0.197978,-0.213427,0.965084,0.173496,-0.191648,0.891470,-0.018935,-0.018935,308
0.024962,0.009490,0.043699,0.037168,0.010699,0.035385,-0.011206,-0.202201,0.929595,0.031065,0.010094,0.039543,-0.197146,-0.213110,0.966540,0.174735,-0.191291,0.892650,-0.016486,-0.016486,309
0.020301,0.003871,0.051636,0.035222,0.009659,0.028966,-0.010280,-0.201975,0.930938,0.027762,0.006765,0.040301,-0.196469,-0.212981,0.968262,0.175909,-0.190969,0.893615,-0.009964,-0.009964,310
0.019429,0.003032,0.042279,0.039222,0.014361,0.023720,-0.009303,-0.201685,0.932038,0.029326,0.008697,0.032998,-0.195822,-0.212880,0.969671,0.177216,-0.190490,0.894406,-0.010843,-0.010843,311
0.019170,-0.005720,0.034611,0.030064,0.010697,0.032921,-0.008482,-0.201602,0.933164,0.024617,0.002488,0.033767,-0.195183,-0.213071,0.970825,0.178219,-0.190134,0.895503,-0.011582,-0.011582,312
0.014117,-0.003722,0.028338,0.036371,0.017772,0.013450,-0.007641,-0.201368,0.933860,0.025244,0.007026,0.020893,-0.194712,-0.213195,0.971769,0.179431,-0.189541,0.895952,-0.007962,-0.007962,313
0.010050,0.002489,0.039151,0.034967,0.017988,0.011013,-0.006890,-0.201027,0.934697,0.022508,0.010238,0.025084,-0.194377,-0.213112,0.973074,0.180596,-0.188942,0.896319,-0.002148,-0.002148,314
0.003477,0.000855,0.032065,0.027445,0.014188,0.009018,-0.006375,-0.200776,0.935381,0.015461,0.007521,0.020540,-0.194261,-0.213083,0.974143,0.181511,-0.188469,0.896619,0.003012,0.003012,315
0.000292,0.002193,0.026245,0.016904,0.014270,0.007378,-0.006088,-0.200502,0.935942,0.008598,0.008231,0.016810,-0.194252,-0.213010,0.975018,0.182075,-0.187993,0.896865,0.004897,0.004897,316
0.000122,-0.000183,0.021497,0.019319,0.012114,-0.007383,-0.005764,-0.200303,0.936177,0.009721,0.005966,0.007058,-0.194247,-0.213016,0.975734,0.182719,-0.187589,0.896619,0.004299,0.004299,317
-0.006445,-0.000511,0.017602,0.010158,0.001491,-0.006049,-0.005703,-0.200287,0.936369,0.001856,0.000490,0.005777,-0.194462,-0.213033,0.976321,0.183057,-0.187540,0.896418,0.009963,0.009963,318
-0.010486,0.010272,0.014407,0.004571,-0.003248,-0.018307,-0.005801,-0.200169,0.936304,-0.002958,0.003512,-0.001951,-0.194812,-0.212691,0.976801,0.183210,-0.187648,0.895807,0.012580,0.012580,319
-0.021198,-0.000890,0.011791,0.004532,-0.010900,-0.014985,-0.006079,-0.200366,0.936251,-0.008333,-0.005895,-0.001597,-0.195518,-0.212721,0.977194,0.183361,-0.188011,0.895308,0.023220,0.023220,320
-0.041694,-0.015564,0.025706,0.001638,-0.029501,-0.012274,-0.006746,-0.201117,0.936475,-0.020028,-0.022532,0.006716,-0.196908,-0.213239,0.978051,0.183415,-0.188995,0.894899,0.047101,0.047101,321
-0.082190,-0.035982,0.053456,0.006235,-0.039390,-0.010048,-0.008012,-0.202373,0.937199,-0.037977,-0.037686,0.021704,-0.199648,-0.214439,0.979833,0.183623,-0.190308,0.894564,0.093871,0.093871,322
-0.146462,-0.049563,0.076559,0.010457,-0.038316,-0.008225,-0.010279,-0.203838,0.938337,-0.068002,-0.043939,0.034168,-0.204530,-0.216091,0.982385,0.183972,-0.191585,0.894290,0.162508,0.162508,323
-0.217131,-0.081942,0.095882,0.001039,-0.070905,-0.020018,-0.013881,-0.206385,0.939602,-0.108046,-0.076423,0.037930,-0.211768,-0.218822,0.985581,0.184006,-0.193948,0.893622,0.237768,0.237768,324
-0.280957,-0.108164,0.095251,-0.028961,-0.097860,-0.016388,-0.019046,-0.209819,0.940916,-0.154959,-0.103012,0.039432,-0.221133,-0.222428,0.988756,0.183041,-0.197210,0.893076,0.301355,0.301355,325
-0.328699,-0.121517,0.061231,-0.071270,-0.123030,0.013220,-0.025712,-0.213895,0.942157,-0.199985,-0.122274,0.037225,-0.232090,-0.226478,0.990797,0.180665,-0.201311,0.893517,0.340592,0.340592,326
-0.369190,-0.103525,0.000490,-0.127148,-0.135456,0.051337,-0.033984,-0.217878,0.943021,-0.248169,-0.119491,0.025914,-0.244396,-0.229929,0.990814,0.176427,-0.205826,0.895228,0.365341,0.365341,327
-0.366166,-0.077945,-0.048351,-0.196221,-0.151881,0.111077,-0.043358,-0.221708,0.944066,-0.281194,-0.114913,0.031364,-0.256601,-0.232527,0.989202,0.169886,-0.210889,0.898931,0.351653,0.351653,328
-0.311800,-0.086020,-0.087467,-0.235044,-0.128016,0.147582,-0.052472,-0.225276,0.945068,-0.273422,-0.107018,0.030057,-0.266995,-0.235395,0.986286,0.162052,-0.215156,0.903850,0.293365,0.293365,329
-0.194238,-0.090947,-0.118629,-0.307135,-0.136364,0.193482,-0.060828,-0.229064,0.946316,-0.250686,-0.113655,0.037428,-0.273469,-0.238426,0.982332,0.151814,-0.219702,0.910299,0.175482,0.175482,330
-0.060126,-0.093116,-0.158538,-0.326162,-0.109524,0.203009,-0.067266,-0.232441,0.947057,-0.193144,-0.101320,0.022234,-0.275474,-0.241530,0.977047,0.140942,-0.223353,0.917066,0.040894,0.040894,331
0.136306,-0.062817,-0.144923,-0.339335,-0.070294,0.196381,-0.070650,-0.234660,0.947915,-0.101514,-0.066555,0.025730,-0.270930,-0.243624,0.972217,0.129630,-0.225696,0.923612,-0.149832,-0.149832,332
0.245346,-0.032026,-0.148659,-0.297494,-0.029733,0.160784,-0.071519,-0.235689,0.948117,-0.026074,-0.030880,0.006064,-0.262752,-0.244692,0.967261,0.119714,-0.226687,0.928972,-0.257152,-0.257152,333
0.387294,0.071101,-0.121704,-0.223032,-0.037067,0.101468,-0.068781,-0.235122,0.947779,0.082131,0.017018,-0.010119,-0.249842,-0.242322,0.963205,0.112280,-0.227922,0.932354,-0.398731,-0.398731,334
0.469114,0.139583,-0.084695,-0.110397,-0.058990,0.023779,-0.062803,-0.233779,0.946764,0.179359,0.040297,-0.030457,-0.234205,-0.237669,0.960381,0.108600,-0.229889,0.933147,-0.477384,-0.477384,335
0.439121,0.187958,-0.054295,0.013108,-0.044116,-0.052764,-0.055265,-0.231381,0.944980,0.226114,0.071921,-0.053530,-0.219567,-0.231404,0.958572,0.109037,-0.231359,0.931388,-0.442128,-0.442128,336
0.303516,0.228412,-0.029325,0.209363,-0.055571,-0.140957,-0.046717,-0.228501,0.942142,0.256439,0.086420,-0.085142,-0.209450,-0.223790,0.957594,0.116015,-0.233212,0.926689,-0.298222,-0.298222,337
0.118093,0.225275,-0.008796,0.357481,-0.032292,-0.182927,-0.038791,-0.225284,0.938946,0.237787,0.096492,-0.095860,-0.205514,-0.216281,0.957301,0.127931,-0.234288,0.920592,-0.106101,-0.106101,338
-0.064888,0.180223,-0.007195,0.465394,0.005158,-0.202473,-0.032116,-0.222195,0.935452,0.200253,0.092690,-0.104835,-0.207677,-0.210273,0.957061,0.143445,-0.234116,0.913843,0.075498,0.075498,339
-0.299208,0.134510,0.024812,0.503963,0.049371,-0.191690,-0.028704,-0.219130,0.932671,0.102378,0.091941,-0.083438,-0.217650,-0.205790,0.957888,0.160243,-0.232470,0.907453,0.308520,0.308520,340
-0.504178,0.071841,0.051377,0.438818,0.074952,-0.182578,-0.029793,-0.216683,0.930484,-0.032680,0.073396,-0.065601,-0.234456,-0.203395,0.959601,0.174871,-0.229972,0.901367,0.509954,0.509954,341
-0.537378,-0.012576,0.089384,0.296390,0.098463,-0.149490,-0.033809,-0.215252,0.929482,-0.120494,0.042944,-0.030053,-0.252369,-0.203814,0.962580,0.184750,-0.226690,0.896384,0.543326,0.543326,342
-0.491022,-0.050078,0.137592,0.116482,0.095088,-0.135115,-0.040052,-0.214502,0.929523,-0.187270,0.022505,0.001237,-0.268736,-0.205483,0.967166,0.188633,-0.223520,0.891880,0.504520,0.504520,343
-0.375174,-0.134893,0.112637,-0.093493,0.102005,-0.123278,-0.047863,-0.215050,0.929346,-0.234334,-0.016444,-0.005320,-0.281242,-0.209980,0.970921,0.185517,-0.220120,0.887771,0.386140,0.386140,344
-0.201174,-0.177614,0.059844,-0.227963,0.156300,-0.113516,-0.055015,-0.215405,0.928451,-0.214568,-0.010657,-0.026836,-0.287948,-0.215900,0.972916,0.177918,-0.214910,0.883987,0.209197,0.209197,345
-0.020429,-0.169098,0.016948,-0.399215,0.143221,-0.067688,-0.062009,-0.215836,0.927606,-0.209822,-0.012939,-0.025370,-0.288629,-0.221537,0.973481,0.164611,-0.210136,0.881731,0.027546,0.027546,346
0.182548,-0.126390,-0.017724,-0.489199,0.168287,-0.029921,-0.067120,-0.215138,0.926812,-0.153326,0.020948,-0.023823,-0.282544,-0.225750,0.972890,0.148304,-0.204526,0.880733,-0.175925,-0.175925,347
0.320331,-0.046264,-0.076672,-0.474813,0.135781,-0.011646,-0.069695,-0.213646,0.925340,-0.077241,0.044758,-0.044158,-0.271866,-0.227292,0.970334,0.132477,-0.200000,0.880345,-0.325583,-0.325583,348
0.429237,0.061872,-0.078070,-0.384186,0.095449,-0.009531,-0.068944,-0.211024,0.923880,0.022526,0.078660,-0.043800,-0.257558,-0.225230,0.967732,0.119671,-0.196819,0.880028,-0.439125,-0.439125,349
0.278921,0.251867,-0.079148,-0.156878,0.019852,-0.007793,-0.066910,-0.206496,0.922431,0.061021,0.135860,-0.043470,-0.248261,-0.216834,0.965094,0.114441,-0.196157,0.879768,-0.303144,-0.303144,350
0.040152,0.260777,-0.079916,0.041130,0.007832,-0.082501,-0.065555,-0.202019,0.919724,0.040641,0.134305,-0.081210,-0.246923,-0.208141,0.962430,0.115812,-0.195896,0.877018,-0.065933,-0.065933,351
-0.170910,0.306450,-0.035092,0.139558,0.024724,-0.092390,-0.066078,-0.196499,0.917599,-0.015676,0.165587,-0.063740,-0.252620,-0.197926,0.961260,0.120464,-0.195072,0.873938,0.156128,0.156128,352
-0.359076,0.378107,0.048720,0.194770,0.047472,-0.100220,-0.068816,-0.189406,0.916741,-0.082153,0.212789,-0.025749,-0.264589,-0.185323,0.962884,0.126957,-0.193490,0.870597,0.368277,0.368277,353
-0.571252,0.433614,0.103531,0.230750,0.060789,-0.094235,-0.074491,-0.181166,0.916896,-0.170251,0.247201,0.004647,-0.283631,-0.170869,0.966335,0.134648,-0.191463,0.867456,0.599836,0.599836,354
-0.756871,0.497887,0.216771,0.245676,0.072222,-0.077160,-0.083011,-0.171664,0.919223,-0.255598,0.285054,0.069805,-0.308860,-0.154273,0.973561,0.142838,-0.189056,0.864884,0.821556,0.821556,355
-0.906644,0.553167,0.298449,0.249570,0.089047,-0.075313,-0.093962,-0.160961,0.922941,-0.328537,0.321107,0.111567,-0.339081,-0.135834,0.983509,0.151157,-0.186088,0.862374,1.001864,1.001864,356
-1.078397,0.612347,0.426761,0.234675,0.098073,-0.061653,-0.108024,-0.149120,0.929027,-0.421861,0.355210,0.182555,-0.375028,-0.115422,0.997734,0.158979,-0.182819,0.860319,1.216518,1.216518,357
-1.004692,0.597593,0.445150,0.201346,0.089001,-0.074535,-0.121413,-0.137677,0.935204,-0.401673,0.343297,0.185308,-0.408517,-0.095503,1.012573,0.165691,-0.179852,0.857834,1.159073,1.159073,358
-0.878638,0.594646,0.443358,0.173005,0.083051,-0.061038,-0.133174,-0.126382,0.941576,-0.352817,0.338848,0.191159,-0.437805,-0.075681,1.027351,0.171457,-0.177083,0.855800,1.047819,1.047819,359
-0.646302,0.552504,0.362992,0.131516,0.071576,-0.061902,-0.141754,-0.115981,0.946594,-0.257393,0.312040,0.150545,-0.459349,-0.057264,1.039451,0.175841,-0.174698,0.853736,0.807623,0.807623,360
-0.500346,0.507777,0.378238,0.085258,0.068505,-0.038744,-0.148672,-0.106376,0.952252,-0.207544,0.288141,0.169746,-0.476027,-0.040338,1.052059,0.178683,-0.172414,0.852445,0.674444,0.674444,361
-0.393565,0.450071,0.309688,0.052408,0.057347,-0.031716,-0.154358,-0.097919,0.956885,-0.170579,0.253709,0.138987,-0.489146,-0.025336,1.062382,0.180430,-0.170503,0.851388,0.549878,0.549878,362
-0.301158,0.378777,0.233059,0.010141,0.039806,-0.025975,-0.159208,-0.090943,0.960336,-0.145508,0.209291,0.103542,-0.499184,-0.012710,1.070151,0.180768,-0.169176,0.850522,0.430945,0.430945,363
-0.301158,0.378777,0.233059,0.010141,0.039806,-0.025975,-0.159208,-0.090943,0.960336,-0.145508,0.209291,0.103542,-0.499184,-0.012710,1.070151,0.180768,-0.169176,0.850522,0.430945,0.430945,364
-0.244254,0.315753,0.211304,-0.045499,0.037220,-0.009264,-0.164037,-0.085060,0.963704,-0.144876,0.176486,0.101019,-0.507326,-0.002185,1.077194,0.179252,-0.167935,0.850213,0.361242,0.361242,365
-0.182843,0.259906,0.172988,-0.062666,0.036473,-0.019584,-0.168129,-0.080120,0.966260,-0.122754,0.148189,0.076704,-0.513421,0.006479,1.082960,0.177163,-0.166719,0.849560,0.282493,0.282493,366
-0.169315,0.211664,0.141649,-0.085860,0.021468,-0.016032,-0.172382,-0.076235,0.968354,-0.127588,0.116566,0.062807,-0.519065,0.013534,1.087682,0.174301,-0.166004,0.849026,0.250619,0.250619,367
-0.141535,0.173288,0.115957,-0.110012,0.024971,-0.025068,-0.176574,-0.072930,0.969869,-0.125773,0.099130,0.045446,-0.523783,0.019310,1.091547,0.170634,-0.165171,0.848190,0.208901,0.208901,368
-0.113440,0.139969,0.094943,-0.137877,0.042855,-0.008588,-0.180763,-0.069883,0.971308,-0.125658,0.091412,0.043178,-0.527564,0.023976,1.094712,0.166038,-0.163743,0.847904,0.168987,0.168987,369
-0.085945,0.114808,0.057260,-0.169256,0.050652,-0.007027,-0.185016,-0.067126,0.972145,-0.127601,0.082730,0.025116,-0.530429,0.027803,1.096621,0.160396,-0.162054,0.847670,0.125814,0.125814,370
-0.072353,0.094431,0.067345,-0.213359,0.049061,-0.017692,-0.189778,-0.064734,0.972973,-0.142856,0.071746,0.024827,-0.532840,0.030951,1.098866,0.153284,-0.160419,0.847080,0.112072,0.112072,371
-0.056632,0.076014,0.034686,-0.240187,0.076032,-0.002539,-0.194725,-0.062200,0.973508,-0.148410,0.076023,0.016072,-0.534728,0.033484,1.100022,0.145278,-0.157885,0.846995,0.082404,0.082404,372
-0.051566,0.063992,0.048863,-0.291360,0.087134,0.021991,-0.200441,-0.059681,0.974689,-0.171463,0.075563,0.035427,-0.536447,0.035617,1.101650,0.135566,-0.154980,0.847728,0.079728,0.079728,373
-0.034844,0.049741,0.039994,-0.337743,0.108973,0.042311,-0.206651,-0.057036,0.976061,-0.186293,0.079357,0.041152,-0.537609,0.037275,1.102984,0.124308,-0.151348,0.849139,0.058068,0.058068,374
-0.035716,0.043664,0.032748,-0.343388,0.118161,0.022455,-0.212969,-0.054339,0.976981,-0.189552,0.080912,0.027602,-0.538799,0.038731,1.104075,0.112861,-0.147409,0.849887,0.054884,0.054884,375
-0.035965,0.034687,0.026822,-0.311086,0.125963,0.018370,-0.218753,-0.051662,0.977734,-0.173526,0.080325,0.022597,-0.539998,0.039887,1.104969,0.102492,-0.143210,0.850500,0.050754,0.050754,376
-0.039105,0.031863,0.021951,-0.332980,0.113852,0.039500,-0.224955,-0.049233,0.978759,-0.186042,0.072857,0.030726,-0.541301,0.040949,1.105701,0.091392,-0.139415,0.851816,0.051137,0.051137,377
-0.029764,0.027951,0.017974,-0.353339,0.112850,0.007893,-0.231340,-0.046886,0.979190,-0.191551,0.070401,0.012934,-0.542294,0.041881,1.106300,0.079614,-0.135654,0.852079,0.040353,0.040353,378
-0.014704,0.020350,0.014709,-0.322387,0.107429,-0.005670,-0.236958,-0.044757,0.979340,-0.168546,0.063889,0.004519,-0.542784,0.042559,1.106790,0.068868,-0.132073,0.851890,0.023782,0.023782,379
0.003335,0.020248,-0.008408,-0.289776,0.090829,-0.016707,-0.241732,-0.042905,0.978922,-0.143221,0.055538,-0.012556,-0.542673,0.043234,1.106510,0.059209,-0.129045,0.851333,-0.000983,-0.000983,380
0.013470,0.020883,-0.027230,-0.292063,0.079605,-0.025672,-0.246375,-0.041231,0.978040,-0.139297,0.050244,-0.026450,-0.542224,0.043930,1.105603,0.049474,-0.126391,0.850478,-0.017045,-0.017045,381
0.012240,0.013880,-0.022298,-0.284361,0.073000,-0.032957,-0.250910,-0.039783,0.977119,-0.136061,0.043440,-0.027629,-0.541816,0.044393,1.104859,0.039995,-0.123958,0.849379,-0.015945,-0.015945,382
0.005933,0.010915,-0.018250,-0.242761,0.069821,-0.026985,-0.254857,-0.038437,0.976365,-0.118413,0.040368,-0.022618,-0.541618,0.044757,1.104251,0.031903,-0.121631,0.848480,-0.009627,-0.009627,383
0.013971,0.011306,-0.014945,-0.251249,0.055454,-0.033980,-0.258812,-0.037324,0.975550,-0.118639,0.033380,-0.024462,-0.541152,0.045134,1.103753,0.023528,-0.119782,0.847347,-0.015360,-0.015360,384
0.008440,0.007363,-0.012238,-0.271304,0.052719,-0.027807,-0.263193,-0.036323,0.974882,-0.131432,0.030042,-0.020024,-0.540871,0.045379,1.103345,0.014484,-0.118025,0.846420,-0.010465,-0.010465,385
0.010559,0.005061,-0.009999,-0.239242,0.047950,-0.046347,-0.267005,-0.035439,0.973943,-0.114342,0.026505,-0.028172,-0.540519,0.045548,1.103011,0.006510,-0.116427,0.844875,-0.012037,-0.012037,386
0.010489,-0.000709,-0.008208,-0.202479,0.070120,-0.061274,-0.270204,-0.034283,0.972785,-0.095994,0.034705,-0.034742,-0.540169,0.045524,1.102738,-0.000240,-0.114089,0.842833,-0.012755,-0.012755,387
-0.000304,-0.002813,-0.006716,-0.195724,0.077792,-0.084720,-0.273471,-0.033033,0.971261,-0.098014,0.037490,-0.045717,-0.540179,0.045430,1.102514,-0.006764,-0.111496,0.840009,-0.003322,-0.003322,388
-0.008984,-0.002852,-0.005493,-0.207039,0.091197,-0.092096,-0.277072,-0.031560,0.969635,-0.108012,0.044172,-0.048795,-0.540479,0.045335,1.102331,-0.013665,-0.108456,0.836939,0.004653,0.004653,389
-0.004796,0.002550,-0.004506,-0.225755,0.108360,-0.097933,-0.280914,-0.029712,0.967928,-0.115275,0.055455,-0.051219,-0.540639,0.045420,1.102181,-0.021190,-0.104844,0.833674,0.002757,0.002757,390
-0.030105,-0.004494,-0.003687,-0.233352,0.121615,-0.124524,-0.285305,-0.027760,0.965791,-0.131729,0.058561,-0.064107,-0.541642,0.045271,1.102058,-0.028969,-0.100791,0.829524,0.023004,0.023004,391
-0.028217,-0.000853,-0.023217,-0.093054,-0.790304,1.667131,-0.287326,-0.040946,0.993189,-0.060635,-0.395578,0.821958,-0.542583,0.045242,1.101284,-0.032070,-0.127134,0.885095,0.015913,0.015913,392
-0.071535,-0.008853,-0.039064,0.017366,-0.736924,1.364944,-0.288229,-0.053376,1.015287,-0.027085,-0.372888,0.662938,-0.544967,0.044947,1.099982,-0.031491,-0.151698,0.930593,0.049316,0.049316,393
-0.067685,-0.003202,-0.011930,0.018463,-0.855592,1.096040,-0.289050,-0.067689,1.033356,-0.024611,-0.429397,0.542057,-0.547223,0.044840,1.099584,-0.030876,-0.180218,0.967127,0.056423,0.056423,394
-0.053841,-0.009041,-0.009760,0.085509,-0.826505,0.897367,-0.288522,-0.081615,1.048149,0.015835,-0.417773,0.443802,-0.549018,0.044539,1.099259,-0.028026,-0.207768,0.997040,0.042142,0.042142,395
-0.048017,-0.001782,-0.047972,0.157004,-0.683666,0.713357,-0.286705,-0.093039,1.059239,0.054494,-0.342724,0.332694,-0.550619,0.044480,1.097660,-0.022792,-0.230557,1.020818,0.035273,0.035273,396
-0.035055,-0.002053,-0.059062,0.117530,-0.614139,0.584046,-0.285331,-0.103309,1.067989,0.041237,-0.308096,0.262492,-0.551787,0.044411,1.095691,-0.018875,-0.251028,1.040286,0.024193,0.024193,397
-0.036442,0.002775,-0.028582,0.071752,-0.493243,0.457013,-0.284742,-0.111483,1.075129,0.017654,-0.245234,0.214216,-0.553002,0.044504,1.094738,-0.016483,-0.267470,1.055520,0.031031,0.031031,398
-0.000324,-0.000018,-0.023403,0.063312,-0.442742,0.374157,-0.283693,-0.118862,1.080975,0.031494,-0.221380,0.175377,-0.553013,0.044503,1.093958,-0.014373,-0.282228,1.067992,-0.000697,-0.000697,399
0.037040,0.003063,0.000780,0.072265,-0.372039,0.306326,-0.281871,-0.125012,1.086093,0.054652,-0.184488,0.153551,-0.551778,0.044605,1.093984,-0.011964,-0.294629,1.078203,-0.029703,-0.029703,400
0.016910,0.000259,0.000622,0.055600,-0.309765,0.250808,-0.280662,-0.130170,1.090284,0.036255,-0.154753,0.125717,-0.551214,0.044614,1.094005,-0.010110,-0.304954,1.086563,-0.014055,-0.014055,401
-0.014815,-0.007529,-0.019408,0.020422,-0.270926,0.184307,-0.280569,-0.134811,1.093032,0.002804,-0.139228,0.082451,-0.551708,0.044363,1.093358,-0.009430,-0.313985,1.092707,0.008189,0.008189,402
-0.001218,-0.012157,0.004048,0.004827,-0.230998,0.150894,-0.280509,-0.138864,1.095615,0.001804,-0.121578,0.077469,-0.551749,0.043958,1.093493,-0.009269,-0.321685,1.097736,-0.005811,-0.005811,403
0.030422,-0.013408,0.003308,-0.008032,-0.190898,0.102650,-0.280136,-0.142269,1.097381,0.011195,-0.102153,0.052979,-0.550735,0.043511,1.093603,-0.009536,-0.328049,1.101158,-0.032705,-0.032705,404
0.065882,-0.037574,-0.017223,0.004548,-0.178650,0.084043,-0.278962,-0.145873,1.098494,0.035216,-0.108112,0.033410,-0.548539,0.042258,1.093029,-0.009385,-0.334004,1.103960,-0.075233,-0.075233,405
0.042704,-0.031859,-0.014091,0.017275,-0.133666,0.048051,-0.277962,-0.148631,1.099060,0.029989,-0.082763,0.016980,-0.547115,0.041196,1.092559,-0.008809,-0.338459,1.105561,-0.052972,-0.052972,406
0.027999,-0.010268,-0.011551,0.016030,-0.117535,0.039350,-0.277228,-0.150762,1.099524,0.022015,-0.063902,0.013897,-0.546182,0.040854,1.092174,-0.008275,-0.342377,1.106873,-0.028497,-0.028497,407
0.090117,-0.005203,-0.009456,-0.010561,-0.091135,0.011580,-0.275902,-0.152367,1.099559,0.039778,-0.048169,0.001066,-0.543178,0.040680,1.091859,-0.008627,-0.345415,1.107259,-0.075859,-0.075859,408
0.093884,-0.002984,-0.027523,-0.024655,-0.083953,0.009502,-0.274748,-0.153816,1.099259,0.034615,-0.043469,-0.009012,-0.540048,0.040581,1.090942,-0.009449,-0.348213,1.107576,-0.076774,-0.076774,409
0.064559,-0.002885,-0.061727,-0.043756,-0.064436,-0.012678,-0.274402,-0.154938,1.098019,0.010402,-0.033661,-0.037200,-0.537896,0.040485,1.088884,-0.010907,-0.350361,1.107153,-0.051834,-0.051834,410
0.082626,-0.015202,-0.089214,-0.041443,-0.049852,-0.010407,-0.273715,-0.156022,1.096358,0.020591,-0.032527,-0.049810,-0.535142,0.039978,1.085910,-0.012289,-0.352023,1.106806,-0.072339,-0.072339,411
0.102069,-0.014603,-0.092186,0.006342,-0.039841,-0.008504,-0.271909,-0.156930,1.094680,0.054206,-0.027222,-0.050347,-0.531740,0.039491,1.082837,-0.012077,-0.353351,1.106523,-0.086818,-0.086818,412
0.128801,-0.010480,-0.094500,0.024133,-0.040433,-0.006959,-0.269360,-0.157778,1.092989,0.076467,-0.025456,-0.050730,-0.527447,0.039142,1.079687,-0.011273,-0.354699,1.106291,-0.104796,-0.104796,413
0.132319,-0.015146,-0.133699,0.047190,-0.029519,-0.005715,-0.266368,-0.158523,1.090666,0.089754,-0.022333,-0.069705,-0.523036,0.038637,1.075231,-0.009700,-0.355683,1.106100,-0.107662,-0.107662,414
0.148619,-0.011374,-0.182866,0.023632,-0.018349,-0.004678,-0.263497,-0.159018,1.087540,0.086126,-0.014862,-0.093774,-0.518082,0.038258,1.069135,-0.008912,-0.356294,1.105944,-0.113809,-0.113809,415
0.215650,-0.010704,-0.149742,-0.039905,-0.026115,-0.003812,-0.260568,-0.159632,1.084980,0.087872,-0.018409,-0.076779,-0.510894,0.037901,1.064144,-0.010242,-0.357165,1.105817,-0.165782,-0.165782,416
0.217887,-0.005017,-0.158583,-0.027388,-0.025170,-0.003129,-0.257393,-0.160135,1.082285,0.095250,-0.015094,-0.080853,-0.503631,0.037734,1.058858,-0.011155,-0.358004,1.105713,-0.160785,-0.160785,417
0.216272,0.005793,-0.165392,0.019467,-0.009111,-0.002564,-0.253464,-0.160190,1.079486,0.117870,-0.001658,-0.083978,-0.496422,0.037927,1.053345,-0.010506,-0.358307,1.105627,-0.149638,-0.149638,418
0.182177,0.001736,-0.170524,0.012753,-0.003279,-0.002089,-0.250215,-0.160216,1.076609,0.097464,-0.000772,-0.086310,-0.490349,0.037985,1.047661,-0.010081,-0.358417,1.105558,-0.123011,-0.123011,419
0.112051,0.011188,-0.191467,0.042236,-0.002687,-0.001727,-0.247644,-0.160074,1.073389,0.077144,0.004251,-0.096595,-0.486614,0.038358,1.041278,-0.008673,-0.358506,1.105500,-0.058951,-0.058951,420
0.097536,0.007034,-0.190769,-0.007165,-0.004133,-0.001413,-0.246137,-0.160026,1.070186,0.045185,0.001451,-0.096091,-0.483363,0.038592,1.034919,-0.008912,-0.358644,1.105453,-0.048211,-0.048211,421
0.086401,0.005700,-0.173063,-0.001382,-0.005281,-0.001141,-0.244720,-0.160019,1.067283,0.042510,0.000209,-0.087100,-0.480483,0.038782,1.029151,-0.008958,-0.358820,1.105415,-0.040669,-0.040669,422
0.086392,0.004989,-0.141681,0.023140,-0.003096,-0.000955,-0.242895,-0.159987,1.064906,0.054766,0.000946,-0.071318,-0.477603,0.038949,1.024428,-0.008187,-0.358923,1.105383,-0.043662,-0.043662,423
0.079885,0.005957,-0.132748,0.003835,0.004124,-0.000769,-0.241500,-0.159819,1.062680,0.041860,0.005041,-0.066762,-0.474940,0.039147,1.020003,-0.008059,-0.358786,1.105358,-0.038097,-0.038097,424
0.082279,0.001764,-0.125352,0.019422,-0.002773,-0.000633,-0.239805,-0.159836,1.060580,0.050850,-0.000504,-0.062993,-0.472198,0.039206,1.015825,-0.007412,-0.358878,1.105337,-0.042556,-0.042556,425
0.083579,0.001895,-0.135612,0.019932,-0.002443,-0.000519,-0.238079,-0.159845,1.058312,0.051755,-0.000274,-0.068064,-0.469412,0.039269,1.011304,-0.006747,-0.358960,1.105319,-0.040743,-0.040743,426
0.070501,-0.010239,-0.175831,-0.013567,0.001748,-0.000415,-0.237130,-0.159987,1.055374,0.028467,-0.004245,-0.088123,-0.467062,0.038928,1.005443,-0.007199,-0.358901,1.105305,-0.030728,-0.030728,427
0.080787,-0.005740,-0.175792,-0.013467,0.000460,-0.000340,-0.236008,-0.160075,1.052439,0.033660,-0.002640,-0.088066,-0.464369,0.038737,0.999583,-0.007648,-0.358886,1.105294,-0.033506,-0.033506,428
0.100260,-0.006409,-0.159679,-0.007798,-0.001005,-0.000286,-0.234467,-0.160198,1.049773,0.046231,-0.003707,-0.079983,-0.461027,0.038523,0.994261,-0.007908,-0.358920,1.105285,-0.049357,-0.049357,429
0.094385,0.002551,-0.146415,0.004539,0.000327,-0.000240,-0.232819,-0.160150,1.047328,0.049462,0.001439,-0.073324,-0.457881,0.038608,0.989380,-0.007757,-0.358909,1.105277,-0.040061,-0.040061,430
0.092546,-0.006902,-0.119875,0.010250,-0.005819,-0.000190,-0.231105,-0.160362,1.045327,0.051398,-0.006361,-0.060035,-0.454796,0.038378,0.985384,-0.007415,-0.359103,1.105270,-0.048785,-0.048785,431
0.070130,-0.006835,-0.14460